Code vs/Code vs/Data/staqs-O3-PM25-MET_DRONE_20230817_R0.ict
39,  1001 
Newchurch,  Mike
The University of Alabama in Huntsville
0-120m AGL Drone Profiles
NASA Synergystic TEMPO Air Quality Science (STAQS)
1,  1 
2023,  08,  17,  2023,  12,  12 
1
Time_Start,  UTC,  seconds from start of day
7
1,  1,  1,  1,  1,  1,  1
-99999,  -99999,  -99999,  -99999,  -99999,  -99999,  -99999
Altitude,  m,  Platform_Altitude_GPS_metersmsl
O3,  ppbv,  Gas_Ozone_InSitu_ppbv
PM25,  ug/m^3,  Met_ParticulateMatter<2.5micron_InSitu_ug/m^3
VOC_experimental,  ohms,  Gas_VOC_InSitu_ohms
Temperature,  degreesC,  Met_Temperature_InSitu_degreesC
RH,  percent,  Met_RelativeHumidity_InSitu_percent
Pressure,  Pa,  Met_Pressure_InSitu_pa
0
18
PI_CONTACT_INFO: Address: Mike.Newchurch@uah.edu
PLATFORM: BlueHalo E900 UAV
LOCATION: 42.505 ,  -87.809 ,  180 m altitude AMSL
ASSOCIATED_DATA: N/A
INSTRUMENT_INFO: Ozone; 2B Model 205,  PM2.5; Plantower PMS5003; Temperature,  Pressure,  Humidity,  VOC; BME680
DATA_INFO: N/A
UNCERTAINTY: ~5%
ULOD_FLAG: -77777
ULOD_VALUE: N/A
LLOD_FLAG: -88888
LLOD_VALUE: N/A
DM_CONTACT_INFO: Darby Stevenson (The University of Alabama in Huntsville,  email: <dps001 @uah.edu>)
PROJECT_INFO: STAQS 2023; https://www-air.larc.nasa.gov/missions/staqs/index.html
STIPULATIONS_ON_USE:  Please consult PI prior to use/publication. Use of data should include an offer of co-authorship on any manuscript to PI and DM. 
OTHER_COMMENTS: N/A
REVISION: R0
R0: Final Data
Time_Start,  Altitude,  O3,  PM25,  VOC_experimental,  Temperature,  RH,  Pressure
[from data line 4960]
8420, 176.15, 38.62, 9.125, 186586.2, 21.61, 70.72749999999999, 99062.25
8421, 176.15, 38.84, 9.25, 186533.5, 21.62, 70.745, 99062.5
8422, 176.15, 39.06, 9.375, 186480.8, 21.62, 70.7625, 99062.75
8423, 176.15, 39.28, 9.5, 186428.0, 21.63, 70.78, 99063.0
8424, 176.15, 39.5, 9.625, 186296.5, 21.63, 70.7925, 99063.25
8425, 176.15, 39.62, 9.75, 186165.0, 21.63, 70.805, 99063.5
8426, 176.15, 39.74, 9.875, 186033.5, 21.64, 70.8175, 99063.75
8427, 176.15, 39.86, 10.0, 185902.0, 21.64, 70.83, 99064.0
8428, 176.15, 39.98, 10.125, 186057.8, 21.64, 70.845, 99064.25
8429, 176.15, 40.1, 10.25, 186213.5, 21.64, 70.86, 99064.5
8430, 176.15, 40.22, 10.375, 186369.2, 21.65, 70.875, 99064.75
8431, 176.15, 40.34, 10.5, 186525.0, 21.65, 70.89, 99065.0
8432, 176.15, 40.46, 10.625, 186160.2, 21.65, 70.9, 99065.0
8433, 176.15, 40.58, 10.75, 185795.5, 21.65, 70.91, 99065.0
8434, 176.15, 40.7, 10.875, 185430.8, 21.65, 70.92, 99065.0
8435, 176.15, 40.02, 11.0, 185066.0, 21.65, 70.93, 99065.0
8436, 176.15, 39.34, 11.0, 185327.2, 21.65, 70.94, 99065.0
8437, 176.15, 38.66, 11.0, 185588.5, 21.65, 70.95, 99065.0
8438, 176.15, 37.98, 11.0, 185849.8, 21.65, 70.96000000000001, 99065.0
8439, 176.15, 37.3, 11.0, 186111.0, 21.65, 70.97, 99065.0
8440, 176.15, 36.62, 11.0, 185956.2, 21.65, 70.9875, 99065.0
8441, 176.15, 35.94, 11.0, 185801.5, 21.65, 71.005, 99065.0
8442, 176.15, 35.26, 11.0, 185646.8, 21.65, 71.02250000000001, 99065.0
8443, 176.15, 34.58, 11.0, 185492.0, 21.65, 71.04, 99065.0
8444, 176.15, 33.9, 11.0, 185492.0, 21.65, 71.05000000000001, 99065.0
8445, 176.15, 33.83, 11.0, 185492.0, 21.64, 71.06, 99065.0
8446, 176.15, 33.77, 11.0, 185492.0, 21.64, 71.07, 99065.0
8447, 176.15, 33.7, 11.0, 185492.0, 21.64, 71.08, 99065.0
8448, 176.15, 33.63, 10.875, 185338.5, 21.64, 71.09, 99065.0
8449, 176.15, 33.57, 10.75, 185185.0, 21.64, 71.1, 99065.0
8450, 176.15, 33.5, 10.625, 185031.5, 21.64, 71.11, 99065.0
8451, 176.15, 33.43, 10.5, 184878.0, 21.64, 71.12, 99065.0
8452, 176.15, 33.37, 10.75, 184827.0, 21.64, 71.135, 99065.25
8453, 176.15, 33.3, 11.0, 184776.0, 21.64, 71.15, 99065.5
8454, 176.15, 33.23, 11.25, 184725.0, 21.64, 71.165, 99065.75
8455, 176.15, 33.17, 11.5, 184674.0, 21.64, 71.18, 99066.0
8456, 176.15, 33.1, 11.5, 184521.8, 21.64, 71.19250000000001, 99066.0
8457, 176.15, 33.03, 11.5, 184369.5, 21.63, 71.20500000000001, 99066.0
8458, 176.15, 32.97, 11.5, 184217.2, 21.63, 71.2175, 99066.0
8459, 176.15, 32.9, 11.5, 184065.0, 21.63, 71.23, 99066.0
8460, 176.15, 32.83, 11.25, 183813.8, 21.63, 71.24000000000001, 99066.0
8461, 176.15, 32.77, 11.0, 183562.5, 21.63, 71.25, 99066.0
8462, 176.15, 32.7, 10.75, 183311.2, 21.63, 71.25999999999999, 99066.0
8463, 176.15, 32.7, 10.5, 183060.0, 21.63, 71.27, 99066.0
8464, 176.15, 32.7, 10.625, 183260.8, 21.63, 71.2875, 99065.75
8465, 176.15, 32.7, 10.75, 183461.5, 21.63, 71.305, 99065.5
8466, 176.15, 32.7, 10.875, 183662.2, 21.63, 71.3225, 99065.25
8467, 176.15, 32.7, 11.0, 183863.0, 21.63, 71.34, 99065.0
8468, 176.15, 32.7, 10.875, 183712.2, 21.63, 71.345, 99065.25
8469, 176.15, 32.7, 10.75, 183561.5, 21.62, 71.35, 99065.5
8470, 176.15, 32.7, 10.625, 183410.8, 21.62, 71.355, 99065.75
8471, 176.15, 32.7, 10.5, 183260.0, 21.62, 71.36, 99066.0
8472, 176.15, 32.7, 10.5, 183160.0, 21.62, 71.37, 99066.0
8473, 176.15, 32.7, 10.5, 183060.0, 21.62, 71.38, 99066.0
8474, 176.15, 32.7, 10.5, 182960.0, 21.62, 71.39, 99066.0
8475, 176.15, 32.7, 10.5, 182860.0, 21.62, 71.4, 99066.0
8476, 176.15, 32.7, 10.5, 182661.2, 21.62, 71.41, 99066.0
8477, 176.15, 32.7, 10.5, 182462.5, 21.62, 71.42, 99066.0
8478, 176.15, 32.7, 10.5, 182263.8, 21.62, 71.43, 99066.0
8479, 176.15, 32.7, 10.5, 182065.0, 21.62, 71.44, 99066.0
8480, 176.15, 32.7, 10.375, 181917.0, 21.62, 71.4525, 99066.25
8481, 176.15, 32.7, 10.25, 181769.0, 21.62, 71.465, 99066.5
8482, 176.15, 32.7, 10.125, 181621.0, 21.63, 71.47749999999999, 99066.75
8483, 176.15, 32.7, 10.0, 181473.0, 21.63, 71.49, 99067.0
8484, 176.15, 32.7, 9.875, 181473.0, 21.63, 71.4975, 99067.0
8485, 176.15, 32.7, 9.75, 181473.0, 21.63, 71.505, 99067.0
8486, 176.15, 32.7, 9.625, 181473.0, 21.64, 71.51249999999999, 99067.0
8487, 176.15, 32.7, 9.5, 181473.0, 21.64, 71.52, 99067.0
8488, 176.15, 32.7, 9.5, 181375.0, 21.64, 71.525, 99066.75
8489, 176.15, 32.7, 9.5, 181277.0, 21.64, 71.53, 99066.5
8490, 176.15, 32.7, 9.5, 181179.0, 21.64, 71.535, 99066.25
8491, 176.15, 32.7, 9.5, 181081.0, 21.64, 71.54, 99066.0
8492, 176.15, 32.7, 9.5, 180886.0, 21.64, 71.5475, 99066.0
8493, 176.15, 32.7, 9.5, 180691.0, 21.64, 71.555, 99066.0
8494, 176.15, 32.7, 9.5, 180496.0, 21.64, 71.5625, 99066.0
8495, 176.15, 32.7, 9.5, 180301.0, 21.64, 71.57, 99066.0
8496, 176.15, 32.7, 9.625, 180252.5, 21.64, 71.57749999999999, 99066.25
8497, 176.15, 32.7, 9.75, 180204.0, 21.64, 71.585, 99066.5
8498, 176.15, 32.7, 9.875, 180155.5, 21.65, 71.5925, 99066.75
8499, 176.15, 32.7, 10.0, 180107.0, 21.65, 71.6, 99067.0
8500, 176.15, 32.7, 10.125, 180010.5, 21.65, 71.60749999999999, 99066.75
8501, 176.15, 32.7, 10.25, 179914.0, 21.65, 71.615, 99066.5
8502, 176.15, 32.7, 10.375, 179817.5, 21.65, 71.6225, 99066.25
8503, 176.15, 32.7, 10.5, 179721.0, 21.65, 71.63, 99066.0
8504, 176.15, 32.7, 10.625, 179914.5, 21.65, 71.63, 99066.0
8505, 176.15, 32.7, 10.75, 180108.0, 21.65, 71.63, 99066.0
8506, 176.15, 32.7, 10.875, 180301.5, 21.65, 71.63, 99066.0
8507, 176.15, 32.7, 11.0, 180495.0, 21.65, 71.63, 99066.0
8508, 176.15, 32.7, 11.125, 180205.2, 21.65, 71.6325, 99066.25
8509, 176.15, 32.7, 11.25, 179915.5, 21.66, 71.63499999999999, 99066.5
8510, 176.15, 32.7, 11.375, 179625.8, 21.66, 71.6375, 99066.75
8511, 176.15, 32.7, 11.5, 179336.0, 21.66, 71.64, 99067.0
9006, 180.29, 39.06, 11.0, 182960.0, 21.88, 71.1825, 99065.25
9007, 180.4, 38.84, 11.0, 183060.0, 21.87, 71.185, 99065.5
9008, 180.49, 38.62, 11.0, 183160.0, 21.86, 71.1875, 99065.75
9009, 180.53, 38.4, 11.0, 183260.0, 21.85, 71.19, 99066.0
9010, 180.56, 38.18, 11.125, 183260.0, 21.84, 71.195, 99064.75
9011, 180.6, 37.96, 11.25, 183260.0, 21.84, 71.19999999999999, 99063.5
9012, 181.11, 37.74, 11.375, 183260.0, 21.84, 71.205, 99062.25
9013, 182.23, 37.52, 11.5, 183260.0, 21.83, 71.21, 99061.0
9014, 183.05, 37.3, 11.75, 183410.8, 21.84, 71.22, 99052.5
9015, 184.16, 36.73, 12.0, 183561.5, 21.84, 71.22999999999999, 99044.0
9016, 184.72, 36.16, 12.25, 183712.2, 21.84, 71.24, 99035.5
9017, 185.78, 35.59, 12.5, 183863.0, 21.85, 71.25, 99027.0
9018, 187.06, 35.02, 12.5, 183762.5, 21.86, 71.245, 99017.25
9019, 188.06, 34.45, 12.5, 183662.0, 21.88, 71.24000000000001, 99007.5
9020, 188.9, 33.88, 12.5, 183561.5, 21.89, 71.235, 98997.75
9021, 189.28, 33.31, 12.5, 183461.0, 21.9, 71.23, 98988.0
9022, 189.19, 32.74, 12.125, 183410.8, 21.92, 71.2225, 98985.25
9023, 189.11, 32.17, 11.75, 183360.5, 21.94, 71.215, 98982.5
9024, 189.1, 31.6, 11.375, 183310.2, 21.96, 71.20750000000001, 98979.75
9025, 189.06, 32.62, 11.0, 183260.0, 21.98, 71.2, 98977.0
9026, 189.04, 33.64, 11.0, 183310.2, 22.04, 71.18, 98974.5
9027, 188.9, 34.66, 11.0, 183360.5, 22.09, 71.16, 98972.0
9028, 188.56, 35.68, 11.0, 183410.8, 22.14, 71.14, 98969.5
9029, 188.29, 36.7, 11.0, 183461.0, 22.2, 71.12, 98967.0
9030, 188.07, 37.72, 11.25, 184071.8, 22.26, 71.065, 98968.5
9031, 187.93, 38.74, 11.5, 184682.5, 22.31, 71.01, 98970.0
9032, 187.74, 39.76, 11.75, 185293.2, 22.37, 70.95500000000001, 98971.5
9033, 187.6, 40.78, 12.0, 185904.0, 22.43, 70.9, 98973.0
9034, 187.55, 41.8, 12.0, 185495.0, 22.49, 70.815, 98971.0
9035, 187.55, 41.69, 12.0, 185086.0, 22.55, 70.73, 98969.0
9036, 187.5, 41.58, 12.0, 184677.0, 22.61, 70.64500000000001, 98967.0
9037, 187.42, 41.47, 12.0, 184268.0, 22.67, 70.56, 98965.0
9038, 187.31, 41.36, 12.125, 184369.5, 22.7, 70.4475, 98965.0
9039, 187.16, 41.25, 12.25, 184471.0, 22.73, 70.33500000000001, 98965.0
9040, 187.05, 41.14, 12.375, 184572.5, 22.77, 70.2225, 98965.0
9041, 186.91, 41.03, 12.5, 184674.0, 22.8, 70.11, 98965.0
9042, 186.8, 40.92, 12.25, 184981.5, 22.83, 70.005, 98965.0
9043, 186.76, 40.81, 12.0, 185289.0, 22.86, 69.9, 98965.0
9044, 186.77, 40.7, 11.75, 185596.5, 22.88, 69.795, 98965.0
9045, 186.83, 41.04, 11.5, 185904.0, 22.91, 69.69, 98965.0
9046, 186.87, 41.38, 11.625, 185647.5, 22.92, 69.5875, 98965.5
9047, 186.85, 41.72, 11.75, 185391.0, 22.94, 69.485, 98966.0
9048, 186.84, 42.06, 11.875, 185134.5, 22.95, 69.3825, 98966.5
9049, 186.88, 42.4, 12.0, 184878.0, 22.96, 69.28, 98967.0
9050, 186.94, 42.74, 12.0, 185083.0, 22.99, 69.2025, 98967.0
9051, 186.97, 43.08, 12.0, 185288.0, 23.02, 69.125, 98967.0
9052, 186.88, 43.42, 12.0, 185493.0, 23.04, 69.0475, 98967.0
9053, 186.82, 43.76, 12.0, 185698.0, 23.07, 68.97, 98967.0
9054, 186.78, 44.1, 11.875, 185595.2, 23.09, 68.8775, 98967.5
9055, 186.68, 43.3, 11.75, 185492.5, 23.1, 68.785, 98968.0
9056, 186.54, 42.5, 11.625, 185389.8, 23.12, 68.6925, 98968.5
9057, 186.49, 41.7, 11.5, 185287.0, 23.13, 68.6, 98969.0
9058, 186.48, 40.9, 11.375, 185493.0, 23.13, 68.53, 98969.75
9059, 186.42, 40.1, 11.25, 185699.0, 23.13, 68.46, 98970.5
9060, 186.34, 39.3, 11.125, 185905.0, 23.14, 68.38999999999999, 98971.25
9061, 186.31, 38.5, 11.0, 186111.0, 23.14, 68.32, 98972.0
9062, 186.24, 37.7, 10.75, 185956.2, 23.14, 68.2575, 98968.75
9063, 186.17, 36.9, 10.5, 185801.5, 23.14, 68.195, 98965.5
9064, 186.07, 36.1, 10.25, 185646.8, 23.15, 68.1325, 98962.25
9065, 185.98, 37.01, 10.0, 185492.0, 23.15, 68.07, 98959.0
9066, 185.95, 37.92, 9.875, 185542.0, 23.14, 68.02, 98959.75
9067, 185.92, 38.83, 9.75, 185592.0, 23.13, 67.97, 98960.5
9068, 185.88, 39.74, 9.625, 185642.0, 23.12, 67.92, 98961.25
9069, 185.85, 40.65, 9.5, 185692.0, 23.11, 67.87, 98962.0
9070, 185.79, 41.56, 9.5, 185955.2, 23.11, 67.83500000000001, 98962.0
9071, 185.72, 42.47, 9.5, 186218.5, 23.12, 67.80000000000001, 98962.0
9072, 185.71, 43.38, 9.5, 186481.8, 23.12, 67.765, 98962.0
9073, 185.67, 44.29, 9.5, 186745.0, 23.12, 67.73, 98962.0
9074, 185.62, 45.2, 9.375, 186639.5, 23.12, 67.69500000000001, 98962.75
9075, 185.6, 44.86, 9.25, 186534.0, 23.12, 67.66, 98963.5
9076, 185.6, 44.52, 9.125, 186428.5, 23.12, 67.625, 98964.25
9077, 185.67, 44.18, 9.0, 186323.0, 23.12, 67.59, 98965.0
9078, 185.71, 43.84, 8.875, 186748.5, 23.13, 67.555, 98965.0
9079, 185.78, 43.5, 8.75, 187174.0, 23.14, 67.52000000000001, 98965.0
9080, 185.8, 43.16, 8.625, 187599.5, 23.15, 67.485, 98965.0
9081, 185.81, 42.82, 8.5, 188025.0, 23.16, 67.45, 98965.0
9082, 185.88, 42.48, 8.375, 187864.5, 23.17, 67.4075, 98964.75
9083, 185.83, 42.14, 8.25, 187704.0, 23.18, 67.36500000000001, 98964.5
9084, 185.75, 41.8, 8.125, 187543.5, 23.19, 67.3225, 98964.25
9085, 185.75, 41.69, 8.0, 187383.0, 23.2, 67.28, 98964.0
9086, 185.74, 41.58, 8.125, 187840.5, 23.2, 67.2425, 98963.75
9087, 185.75, 41.47, 8.25, 188298.0, 23.21, 67.205, 98963.5
9088, 185.77, 41.36, 8.375, 188755.5, 23.21, 67.16749999999999, 98963.25
9089, 185.69, 41.25, 8.5, 189213.0, 23.22, 67.13, 98963.0
9090, 185.65, 41.14, 8.75, 189902.2, 23.23, 67.0925, 98963.75
9091, 185.58, 41.03, 9.0, 190591.5, 23.23, 67.055, 98964.5
9092, 185.51, 40.92, 9.25, 191280.8, 23.24, 67.0175, 98965.25
9093, 185.46, 40.81, 9.5, 191970.0, 23.25, 66.98, 98966.0
9094, 185.45, 40.7, 9.375, 191226.5, 23.25, 66.9525, 98966.0
9095, 185.51, 39.68, 9.25, 190483.0, 23.24, 66.92500000000001, 98966.0
9096, 185.57, 38.66, 9.125, 189739.5, 23.23, 66.89750000000001, 98966.0
9097, 185.62, 37.64, 9.0, 188996.0, 23.23, 66.87, 98966.0
9098, 185.75, 36.62, 9.125, 188968.8, 23.23, 66.8475, 98964.25
9099, 186.25, 35.6, 9.25, 188941.5, 23.23, 66.825, 98962.5
9100, 186.44, 34.58, 9.375, 188914.2, 23.23, 66.80250000000001, 98960.75
9101, 186.81, 33.56, 9.5, 188887.0, 23.23, 66.78, 98959.0
9102, 187.12, 32.54, 9.5, 189159.5, 23.23, 66.7625, 98954.5
9103, 187.38, 31.52, 9.5, 189432.0, 23.22, 66.745, 98950.0
9104, 187.68, 30.5, 9.5, 189704.5, 23.21, 66.72749999999999, 98945.5
9105, 187.99, 32.31, 9.5, 189977.0, 23.21, 66.71, 98941.0
9106, 188.2, 34.12, 9.625, 190252.5, 23.25, 66.6875, 98940.5
9107, 188.37, 35.93, 9.75, 190528.0, 23.3, 66.66499999999999, 98940.0
9108, 188.81, 37.74, 9.875, 190803.5, 23.34, 66.6425, 98939.5
9109, 188.92, 39.55, 10.0, 191079.0, 23.38, 66.62, 98939.0
9110, 189.06, 41.36, 9.875, 190666.8, 23.42, 66.5575, 98934.25
9111, 189.32, 43.17, 9.75, 190254.5, 23.47, 66.495, 98929.5
9112, 189.56, 44.98, 9.625, 189842.2, 23.52, 66.4325, 98924.75
9113, 189.91, 46.79, 9.5, 189430.0, 23.56, 66.37, 98920.0
9114, 190.2, 48.6, 9.5, 190065.0, 23.6, 66.28750000000001, 98916.75
9115, 190.55, 47.47, 9.5, 190700.0, 23.63, 66.20500000000001, 98913.5
9116, 190.82, 46.34, 9.5, 191335.0, 23.67, 66.1225, 98910.25
9117, 191.14, 45.21, 9.5, 191970.0, 23.71, 66.04, 98907.0
9118, 191.43, 44.08, 9.625, 192054.0, 23.72, 65.95, 98904.0
9119, 191.86, 42.95, 9.75, 192138.0, 23.73, 65.86000000000001, 98901.0
9120, 192.16, 41.82, 9.875, 192222.0, 23.75, 65.77000000000001, 98898.0
9121, 192.52, 40.69, 10.0, 192306.0, 23.76, 65.68, 98895.0
9122, 192.73, 39.56, 10.0, 192446.8, 23.76, 65.625, 98892.5
9123, 193.0, 38.43, 10.0, 192587.5, 23.76, 65.57, 98890.0
9124, 193.26, 37.3, 10.0, 192728.2, 23.75, 65.515, 98887.5
9125, 193.54, 38.09, 10.0, 192869.0, 23.75, 65.46, 98885.0
9126, 193.82, 38.88, 10.0, 192672.2, 23.74, 65.4075, 98881.5
9127, 194.09, 39.67, 10.0, 192475.5, 23.73, 65.35499999999999, 98878.0
9128, 194.32, 40.46, 10.0, 192278.8, 23.72, 65.3025, 98874.5
9129, 194.68, 41.25, 10.0, 192082.0, 23.71, 65.25, 98871.0
9130, 194.95, 42.04, 9.875, 192026.0, 23.7, 65.23, 98866.0
9131, 195.31, 42.83, 9.75, 191970.0, 23.68, 65.21000000000001, 98861.0
9132, 195.55, 43.62, 9.625, 191914.0, 23.66, 65.19, 98856.0
9133, 195.9, 44.41, 9.5, 191858.0, 23.65, 65.17, 98851.0
9134, 196.1, 45.2, 9.625, 191914.0, 23.63, 65.165, 98847.0
9135, 196.51, 44.29, 9.75, 191970.0, 23.62, 65.16, 98843.0
9136, 196.72, 43.38, 9.875, 192026.0, 23.6, 65.155, 98839.0
9137, 197.07, 42.47, 10.0, 192082.0, 23.59, 65.15, 98835.0
9138, 197.43, 41.56, 9.9375, 192392.0, 23.58, 65.14250000000001, 98832.5
9139, 197.72, 40.65, 9.875, 192702.0, 23.56, 65.135, 98830.0
9140, 197.94, 39.74, 9.8125, 193012.0, 23.55, 65.1275, 98827.5
9141, 198.21, 38.83, 9.75, 193322.0, 23.54, 65.12, 98825.0
9142, 198.53, 37.92, 9.6875, 193350.5, 23.53, 65.1275, 98821.25
9143, 198.82, 37.01, 9.625, 193379.0, 23.52, 65.135, 98817.5
9144, 199.2, 36.1, 9.5625, 193407.5, 23.51, 65.14250000000001, 98813.75
9145, 199.35, 36.9, 9.5, 193436.0, 23.5, 65.15, 98810.0
9146, 199.65, 37.7, 9.625, 193294.2, 23.5, 65.15, 98806.0
9147, 199.95, 38.5, 9.75, 193152.5, 23.51, 65.15, 98802.0
9148, 200.3, 39.3, 9.875, 193010.8, 23.52, 65.15, 98798.0
9149, 200.5, 40.1, 10.0, 192869.0, 23.52, 65.15, 98794.0
9150, 200.9, 40.9, 10.0, 193296.5, 23.52, 65.14500000000001, 98790.0
9151, 201.28, 41.7, 10.0, 193724.0, 23.53, 65.14, 98786.0
9152, 201.55, 42.5, 10.0, 194151.5, 23.54, 65.13499999999999, 98782.0
9153, 202.06, 43.3, 10.0, 194579.0, 23.54, 65.13, 98778.0
9154, 202.37, 44.1, 10.125, 194521.5, 23.56, 65.11, 98774.25
9155, 202.73, 43.64, 10.25, 194464.0, 23.59, 65.09, 98770.5
9156, 203.02, 43.18, 10.375, 194406.5, 23.61, 65.07, 98766.75
9157, 203.36, 42.72, 10.5, 194349.0, 23.63, 65.05, 98763.0
9158, 203.7, 42.26, 10.5, 194579.5, 23.64, 65.015, 98763.5
9159, 203.97, 41.8, 10.5, 194810.0, 23.66, 64.97999999999999, 98764.0
9160, 204.41, 41.34, 10.5, 195040.5, 23.68, 64.945, 98764.5
9161, 204.77, 40.88, 10.5, 195271.0, 23.69, 64.91, 98765.0
9162, 205.18, 40.42, 10.5, 195242.0, 23.72, 64.87, 98759.0
9163, 205.44, 39.96, 10.5, 195213.0, 23.74, 64.83, 98753.0
9164, 205.8, 39.5, 10.5, 195184.0, 23.77, 64.78999999999999, 98747.0
9165, 206.1, 39.84, 10.5, 195155.0, 23.79, 64.75, 98741.0
9166, 206.3, 40.18, 10.625, 195533.8, 23.8, 64.6975, 98737.75
9167, 206.61, 40.52, 10.75, 195912.5, 23.81, 64.64500000000001, 98734.5
9168, 206.91, 40.86, 10.875, 196291.2, 23.82, 64.5925, 98731.25
9169, 207.15, 41.2, 11.0, 196670.0, 23.83, 64.54, 98728.0
9170, 207.46, 41.54, 11.0, 196670.0, 23.84, 64.50750000000001, 98725.5
9171, 207.74, 41.88, 11.0, 196670.0, 23.85, 64.475, 98723.0
