Code vs/Code vs/Data/staqs-Ground-Kenosha-DOAS_OTHER_20230701_R0_thru20230831.ict
43, 1001
Cleary, P
University of Wisconsin - Eau Claire
Ground-based Differential Optical Absorption Spectrometer (OPSIS DOAS)
STAQS 2023
1,1
2023, 07, 1, 2024, 03, 21
0
Time_Start, seconds
11
1, 1, 1, 1, 1, 1, 1, 1, 1, 1, 1
-9999, -9999, -9999, -9999, -9999, -9999, -9999, -9999, -9999, -9999, -9999
Time_Stop, seconds
Latitude_KM, degrees, Met_Latitude_Insitu_Kenosha-Municipal
Longitude_KM, degrees, Met_Longitude_Insitu_Kenosha-Municipal
Elevation_KM, meters above sea level, Met_Elevation_Insitu_Kenosha-Municipal
Latitude_WT, degrees, Met_Latitude_Insitu_Kenosha-Water-Treatment
Longitude_WT, degrees, Met_Longitude_Insitu_Kenosha-Water-Treatment
Elevation_WT, meters above sea level, Met_Elevation_Insitu_Kenosha-Water-Treatment
SO2_ppb, ppbv, Gas_SO2_Long-Path_DOAS_AVMR
NO2_ppb, ppbv, Gas_NO2_Long-Path_DOAS_AVMR
O3_ppb, ppbv,  Gas_O3_Long-Path_DOAS_AVMR
Formaldehyde_ppb, ppbv, Gas_HCHO_Long-Path_DOAS_AVMR
0
18
PI_CONTACT_INFO: 715-836-5518, UW-Eau Claire, Dept. of Chemistry, 105 Garfield Ave, Eau Claire, WI 54702, clearypa@uwec.edu
PLATFORM: Ground-based long-path DOAS instrumentation mounted between 2 buildings in Kenosha, Wisconsin.
LOCATION: Latitude and longitude are included in data records.
ASSOCIATED DATA:
INSTRUMENT_INFO: Light emitter at Kenosha Municipal Building and receiver and analyzer at Kenosha Water Treatment facility. Full pathlength for spectrometer is 596 m. Observations made by by differential UV absorption.
DATA_INFO: Units are ppbv
UNCERTAINTY: The uncertainty for each measurement is estimated at 10%
ULOD_FLAG:-7777, -7777, -7777, -7777, -7777, -7777, -7777, -7777, -7777, -7777, -7777
ULOD_VALUE:N/A
LLOD_FLAG:-8888, -8888, -8888, -8888, -8888, -8888, -8888, -8888, -8888, -8888, -8888
LLOD_VALUE:N/A
DM_CONTACT_INFO: Patricia Cleary, UW-Eau Claire, clearypa@uwec.edu
PROJECT_INFO: AGES 2023, 1-July 23 to 31-August 23; Kenosha, Wisconsin
STIPULTAIONS_ON_USE: With permission of PI
OTHER_COMMENTS: Formaldehyde data is uncalibrated.
REVISION: R0
R0: No Comments
Time_Start,Time_Stop,Latitude_KM,Longitude_KM,Elevation_KM,Latitude_WT,Longitude_WT,Elevation_WT,SO2_ppb,NO2_ppb,O3_ppb,Formaldehyde_ppb
[from data line 3520]
1056000,1056300,42.58783,-87.820781,195,42.58949,-87.81395,188,0.1594303,2.39818454,31.9953842,-0.2641097
1056300,1056600,42.58783,-87.820781,195,42.58949,-87.81395,188,0.0905519,2.43521333,32.051899,0.03732504
1056600,1056900,42.58783,-87.820781,195,42.58949,-87.81395,188,-0.1609631,2.83943772,30.5688496,-0.4479119
1056900,1057200,42.58783,-87.820781,195,42.58949,-87.81395,188,-0.1612726,7.04935169,25.5960331,-0.4277297
1057200,1057500,42.58783,-87.820781,195,42.58949,-87.81395,188,-0.0853186,4.87137747,27.7444935,-0.0051327
1057500,1057800,42.58783,-87.820781,195,42.58949,-87.81395,188,-0.0891218,4.9257021,27.1132641,-0.2672514
1057800,1058100,42.58783,-87.820781,195,42.58949,-87.81395,188,-0.1418495,4.51083851,25.9492493,-0.009594
1058100,1058400,42.58783,-87.820781,195,42.58949,-87.81395,188,-0.064739,4.48694515,26.776001,-0.7544462
1058400,1058700,42.58783,-87.820781,195,42.58949,-87.81395,188,-0.0862511,5.52957201,26.1055756,-1.1934907
1058700,1059000,42.58783,-87.820781,195,42.58949,-87.81395,188,-0.132781,4.87803411,24.9616127,-0.7269675
1059000,1059300,42.58783,-87.820781,195,42.58949,-87.81395,188,-0.1268234,3.79742765,26.533535,-0.5074453
1059300,1059600,42.58783,-87.820781,195,42.58949,-87.81395,188,-0.07073,3.24972463,26.1885223,-0.633911
1059600,1059900,42.58783,-87.820781,195,42.58949,-87.81395,188,-0.1387333,2.72359681,27.202137,-1.0640881
1059900,1060200,42.58783,-87.820781,195,42.58949,-87.81395,188,0.00471835,2.65375948,25.6584721,-1.2248625
1060200,1060500,42.58783,-87.820781,195,42.58949,-87.81395,188,-0.1562594,3.03195095,25.6201878,-0.2898211
1060500,1060800,42.58783,-87.820781,195,42.58949,-87.81395,188,-0.1325142,3.13590455,25.4748001,-0.0225089
1060800,1061100,42.58783,-87.820781,195,42.58949,-87.81395,188,-0.1631962,3.73754597,25.1858482,-0.5224937
1061100,1061400,42.58783,-87.820781,195,42.58949,-87.81395,188,-0.0476771,2.27307177,26.045414,-0.6047932
1061400,1061700,42.58783,-87.820781,195,42.58949,-87.81395,188,-0.0749748,2.52377295,25.7172661,0.29204369
1061700,1062000,42.58783,-87.820781,195,42.58949,-87.81395,188,-0.0587267,2.91159296,24.5860653,0.66321105
1062000,1062300,42.58783,-87.820781,195,42.58949,-87.81395,188,-0.1252492,3.8564477,25.3740768,0.58350688
1062300,1062600,42.58783,-87.820781,195,42.58949,-87.81395,188,-0.0866259,5.6707921,23.1768494,0.73320544
1062600,1062900,42.58783,-87.820781,195,42.58949,-87.81395,188,-0.2160813,3.80877995,23.1754837,-0.0168391
1062900,1063200,42.58783,-87.820781,195,42.58949,-87.81395,188,0.13942964,2.7154541,24.344511,1.17229545
1063200,1063500,42.58783,-87.820781,195,42.58949,-87.81395,188,-0.0487497,2.45161748,24.3602352,0.13268945
1063500,1063800,42.58783,-87.820781,195,42.58949,-87.81395,188,0.06471632,2.22029257,24.3408661,0.72588611
1063800,1064100,42.58783,-87.820781,195,42.58949,-87.81395,188,0.13976447,2.23503256,24.1166306,0.91726947
1064100,1064400,42.58783,-87.820781,195,42.58949,-87.81395,188,0.0962961,4.79042578,21.8050079,0.60854959
1064400,1064700,42.58783,-87.820781,195,42.58949,-87.81395,188,-0.1813386,3.88527417,23.7306004,0.16597065
1064700,1065000,42.58783,-87.820781,195,42.58949,-87.81395,188,0.14417334,4.73399115,21.1942863,0.11897571
1065000,1065300,42.58783,-87.820781,195,42.58949,-87.81395,188,-0.1011679,6.71496439,19.5161724,0.56090009
1065300,1065600,42.58783,-87.820781,195,42.58949,-87.81395,188,0.19013231,4.42572594,21.044796,0.81338769
1065600,1065900,42.58783,-87.820781,195,42.58949,-87.81395,188,0.096104,5.21551228,21.9841213,0.35416102
1065900,1066200,42.58783,-87.820781,195,42.58949,-87.81395,188,0.11943565,4.75095987,20.9176388,-0.5927499
1066200,1066500,42.58783,-87.820781,195,42.58949,-87.81395,188,-0.070131,4.24016666,21.37887,0.02350317
1066500,1066800,42.58783,-87.820781,195,42.58949,-87.81395,188,0.10800862,3.28098798,21.854229,-1.2400475
1066800,1067100,42.58783,-87.820781,195,42.58949,-87.81395,188,-0.0523501,2.48288083,21.8975277,0.00020973
1067100,1067400,42.58783,-87.820781,195,42.58949,-87.81395,188,0.19239476,2.28073907,22.4966259,-0.0935147
1067400,1067700,42.58783,-87.820781,195,42.58949,-87.81395,188,0.12791055,2.28894114,21.834177,-1.2135249
1067700,1068000,42.58783,-87.820781,195,42.58949,-87.81395,188,-0.120839,2.27265573,22.0319767,-0.3626642
1068000,1068300,42.58783,-87.820781,195,42.58949,-87.81395,188,-0.137554,2.73126411,21.9873123,-0.1669838
1068300,1068600,42.58783,-87.820781,195,42.58949,-87.81395,188,0.13034777,2.50240564,22.7940102,0.1092375
1068600,1068900,42.58783,-87.820781,195,42.58949,-87.81395,188,-0.0928304,5.755548,20.5872116,0.80095738
1068900,1069200,42.58783,-87.820781,195,42.58949,-87.81395,188,-0.132114,4.70139027,20.0854187,-0.6040077
1069200,1069500,42.58783,-87.820781,195,42.58949,-87.81395,188,0.08360176,4.76772118,19.9527912,0.05336519
1069500,1069800,42.58783,-87.820781,195,42.58949,-87.81395,188,0.04713288,6.20012951,18.6556931,-0.1920208
1069800,1070100,42.58783,-87.820781,195,42.58949,-87.81395,188,-0.0764222,6.26075411,19.9199772,-0.1724021
1070100,1070400,42.58783,-87.820781,195,42.58949,-87.81395,188,-0.0952876,11.6354361,18.658884,0.27852631
1070400,1070700,42.58783,-87.820781,195,42.58949,-87.81395,188,-0.2375426,11.7856903,15.4266224,0.04371663
1070700,1071000,42.58783,-87.820781,195,42.58949,-87.81395,188,0.15756403,7.89239216,17.4014378,-0.9605251
1071000,1071300,42.58783,-87.820781,195,42.58949,-87.81395,188,0.1558405,6.86771488,19.1346989,-1.3233942
1071300,1071600,42.58783,-87.820781,195,42.58949,-87.81395,188,0.00028948,5.0849905,19.2121792,-0.4719188
1071600,1071900,42.58783,-87.820781,195,42.58949,-87.81395,188,-0.110031,5.7745676,19.3315887,0.05589081
1071900,1072200,42.58783,-87.820781,195,42.58949,-87.81395,188,0.21605992,4.55006647,19.4017754,-0.516381
1072200,1072500,42.58783,-87.820781,195,42.58949,-87.81395,188,-0.1701783,6.224617,18.5590725,-0.3595794
1072500,1072800,42.58783,-87.820781,195,42.58949,-87.81395,188,-0.1954309,11.0441666,15.5218763,0.2360789
1072800,1073100,42.58783,-87.820781,195,42.58949,-87.81395,188,-0.1885102,7.53066444,18.4323711,-1.0601951
1073100,1073400,42.58783,-87.820781,195,42.58949,-87.81395,188,0.11972647,8.59920597,15.9079065,-1.986662
1073400,1073700,42.58783,-87.820781,195,42.58949,-87.81395,188,0.2630327,6.85095406,17.1571503,-2.6509774
1073700,1074000,42.58783,-87.820781,195,42.58949,-87.81395,188,0.11004697,8.29988575,18.4114056,-1.1337069
1074000,1074300,42.58783,-87.820781,195,42.58949,-87.81395,188,-0.1546853,10.186861,17.0956211,-0.5396821
1074300,1074600,42.58783,-87.820781,195,42.58949,-87.81395,188,-0.1735694,10.9043732,16.873209,-0.8376336
1074600,1074900,42.58783,-87.820781,195,42.58949,-87.81395,188,-0.2834963,9.93223667,14.9956989,1.0282315
1074900,1075200,42.58783,-87.820781,195,42.58949,-87.81395,188,-0.1560539,11.7932978,15.3928957,0.19112721
1075200,1075500,42.58783,-87.820781,195,42.58949,-87.81395,188,-0.1288324,12.6294441,14.2170305,0.23290303
1075500,1075800,42.58783,-87.820781,195,42.58949,-87.81395,188,-0.1218769,10.7655306,13.8635874,-0.5777954
1075800,1076100,42.58783,-87.820781,195,42.58949,-87.81395,188,-0.1921333,11.692852,14.5672836,-0.0554639
1076100,1076400,42.58783,-87.820781,195,42.58949,-87.81395,188,-0.0989401,9.56563568,15.0661144,-1.4247261
1076400,1076700,42.58783,-87.820781,195,42.58949,-87.81395,188,-0.1664618,10.1048393,15.0178041,-0.5239279
1076700,1077000,42.58783,-87.820781,195,42.58949,-87.81395,188,-0.1339389,7.9171176,15.2926283,-0.0364329
1077000,1077300,42.58783,-87.820781,195,42.58949,-87.81395,188,-0.1126723,7.7832675,15.1290102,-0.8541163
1077300,1077600,42.58783,-87.820781,195,42.58949,-87.81395,188,-0.0676951,7.81916714,15.6308031,-0.9754596
1077600,1077900,42.58783,-87.820781,195,42.58949,-87.81395,188,-0.1412412,5.7480588,17.1184101,-0.5204448
1077900,1078200,42.58783,-87.820781,195,42.58949,-87.81395,188,-0.1616568,8.0231514,16.9794025,-1.9073449
1078200,1078500,42.58783,-87.820781,195,42.58949,-87.81395,188,-0.1767389,8.80913353,13.0200863,-1.3099394
1078500,1078800,42.58783,-87.820781,195,42.58949,-87.81395,188,-0.4582769,8.14154816,12.9780426,-2.0993087
1078800,1079100,42.58783,-87.820781,195,42.58949,-87.81395,188,-0.3643126,7.74843836,13.0562057,-3.225594
1079100,1079400,42.58783,-87.820781,195,42.58949,-87.81395,188,-0.3026578,5.21681976,13.48804,-2.550283
1079400,1079700,42.58783,-87.820781,195,42.58949,-87.81395,188,-0.3042213,5.76030302,15.4744768,-2.2665031
1079700,1080000,42.58783,-87.820781,195,42.58949,-87.81395,188,-0.4667611,5.01396465,14.0723267,-2.58919
1080000,1080300,42.58783,-87.820781,195,42.58949,-87.81395,188,-0.3967742,4.82145119,13.5368061,-0.6025166
1080300,1080600,42.58783,-87.820781,195,42.58949,-87.81395,188,-0.380446,4.6899786,13.7446337,-1.2441453
1080600,1080900,42.58783,-87.820781,195,42.58949,-87.81395,188,-0.2525688,4.8521204,13.8248482,-1.792968
1080900,1081200,42.58783,-87.820781,195,42.58949,-87.81395,188,-0.3667538,5.85397387,15.4074802,-2.8664358
1081200,1081500,42.58783,-87.820781,195,42.58949,-87.81395,188,0.20030805,3.95962858,18.1634712,0.58159453
1081500,1081800,42.58783,-87.820781,195,42.58949,-87.81395,188,0.20591618,3.67219591,18.2054005,-1.7259445
1081800,1082100,42.58783,-87.820781,195,42.58949,-87.81395,188,0.25122416,3.63962507,18.9446468,-0.9503942
1082100,1082400,42.58783,-87.820781,195,42.58949,-87.81395,188,0.21235673,3.42066264,19.6686249,-3.0388207
1082400,1082700,42.58783,-87.820781,195,42.58949,-87.81395,188,0.42983603,4.10750532,19.4118023,-1.8402305
1082700,1083000,42.58783,-87.820781,195,42.58949,-87.81395,188,0.17294239,3.5223577,22.4389725,-1.8390923
1083000,1083300,42.58783,-87.820781,195,42.58949,-87.81395,188,0.19970508,3.01305032,24.5063076,-1.6038271
1083300,1083600,42.58783,-87.820781,195,42.58949,-87.81395,188,0.25365204,2.65102553,27.7599907,-1.3350731
1083600,1083900,42.58783,-87.820781,195,42.58949,-87.81395,188,0.27740255,2.5624063,30.4029522,-1.9890298
1083900,1084200,42.58783,-87.820781,195,42.58949,-87.81395,188,0.06390659,3.25798631,29.0411358,-2.53528
1084200,1084500,42.58783,-87.820781,195,42.58949,-87.81395,188,0.20584682,3.43046975,30.3810749,-1.3875718
1084500,1084800,42.58783,-87.820781,195,42.58949,-87.81395,188,-0.1062958,2.80133915,31,-1.5435425
1084800,1085100,42.58783,-87.820781,195,42.58949,-87.81395,188,0.11762676,2.73168015,32.6990776,-1.0481291
1085100,1085400,42.58783,-87.820781,195,42.58949,-87.81395,188,0.16038677,4.16729832,33.988884,-0.6803653
1085400,1085700,42.58783,-87.820781,195,42.58949,-87.81395,188,-0.1454673,4.02809906,31.9361343,-0.6427557
1085700,1086000,42.58783,-87.820781,195,42.58949,-87.81395,188,-0.1203161,3.57656336,27.8365593,-1.1999791
1086000,1086300,42.58783,-87.820781,195,42.58949,-87.81395,188,-0.2748039,2.62665677,28.4978676,-1.0923636
1086300,1086600,42.58783,-87.820781,195,42.58949,-87.81395,188,-0.0073623,2.17642879,25.7869968,-1.8943683
1086600,1086900,42.58783,-87.820781,195,42.58949,-87.81395,188,-0.0951809,2.66766763,26.304287,1.06916499
1086900,1087200,42.58783,-87.820781,195,42.58949,-87.81395,188,-0.0894313,1.90658915,25.5153637,1.39419675
1087200,1087500,42.58783,-87.820781,195,42.58949,-87.81395,188,-0.060142,2.24152613,27.7504196,0.92350739
1087500,1087800,42.58783,-87.820781,195,42.58949,-87.81395,188,-0.0833923,1.87725747,28.8574638,0.64091164
1087800,1088100,42.58783,-87.820781,195,42.58949,-87.81395,188,0.14023805,2.21583486,29.1568985,1.06932437
1088100,1088400,42.58783,-87.820781,195,42.58949,-87.81395,188,-0.1256601,2.5887959,27.5585423,0.23463325
1088400,1088700,42.58783,-87.820781,195,42.58949,-87.81395,188,0.06766313,2.2051363,27.8780327,0.83328527
1088700,1089000,42.58783,-87.820781,195,42.58949,-87.81395,188,0.14283934,1.89945686,27.6583557,1.15050828
1089000,1089300,42.58783,-87.820781,195,42.58949,-87.81395,188,0.16647248,2.24281883,27.5421352,1.6404351
1089300,1089600,42.58783,-87.820781,195,42.58949,-87.81395,188,-0.0387347,2.91884422,26.5936947,1.17514122
1089600,1089900,42.58783,-87.820781,195,42.58949,-87.81395,188,-0.1442534,3.03272367,26.6789227,1.00680864
1089900,1090200,42.58783,-87.820781,195,42.58949,-87.81395,188,0.19896337,3.07670641,26.2960835,-1.3361659
1090200,1090500,42.58783,-87.820781,195,42.58949,-87.81395,188,0.09329659,3.4918077,24.7952595,0.20229399
1090500,1090800,42.58783,-87.820781,195,42.58949,-87.81395,188,-0.0767597,2.92829466,24.5240822,1.21652436
1090800,1091100,42.58783,-87.820781,195,42.58949,-87.81395,188,-0.0481721,2.70338869,24.5350208,0.68529415
1091100,1091400,42.58783,-87.820781,195,42.58949,-87.81395,188,0.15693973,2.64270449,25.0878582,0.76282418
1091400,1091700,42.58783,-87.820781,195,42.58949,-87.81395,188,-0.1082141,2.66832137,26.6173954,-0.4852256
1091700,1092000,42.58783,-87.820781,195,42.58949,-87.81395,188,0.30433333,2.43509436,27.8356457,-1.440025
1092000,1092300,42.58783,-87.820781,195,42.58949,-87.81395,188,0.26061016,2.39806581,27.1816273,-0.065905
1092300,1092600,42.58783,-87.820781,195,42.58949,-87.81395,188,0.17921485,2.84966063,26.5385475,-0.5105984
1092600,1092900,42.58783,-87.820781,195,42.58949,-87.81395,188,0.23123017,2.84133959,26.6538563,-1.4627455
1092900,1093200,42.58783,-87.820781,195,42.58949,-87.81395,188,0.19903809,2.26516676,26.3913364,-0.5905644
1093200,1093500,42.58783,-87.820781,195,42.58949,-87.81395,188,0.12328024,3.00187635,28.0111141,-0.023908
1093500,1093800,42.58783,-87.820781,195,42.58949,-87.81395,188,0.13274898,2.3487339,29.1894875,0.8352204
1093800,1094100,42.58783,-87.820781,195,42.58949,-87.81395,188,0.2053799,2.45167708,27.8324566,-1.197839
1094100,1094400,42.58783,-87.820781,195,42.58949,-87.81395,188,-0.1237205,2.82570791,27.5234489,0.03204046
1094400,1094700,42.58783,-87.820781,195,42.58949,-87.81395,188,0.1163888,2.26391864,29.9663315,-1.2533429
1094700,1095000,42.58783,-87.820781,195,42.58949,-87.81395,188,-0.1758692,3.60666776,29.2831459,-5.105073
1095000,1095300,42.58783,-87.820781,195,42.58949,-87.81395,188,-0.2446128,4.18429708,30.977211,-8.547492
1095300,1095600,42.58783,-87.820781,195,42.58949,-87.81395,188,0.29463783,3.83915186,31.6581192,-7.7075133
1095600,1095900,42.58783,-87.820781,195,42.58949,-87.81395,188,0.2935653,3.87790418,32.5778465,-9.3523188
1095900,1096200,42.58783,-87.820781,195,42.58949,-87.81395,188,0.18416132,3.97020841,30.806757,-8.8048401
1096200,1096500,42.58783,-87.820781,195,42.58949,-87.81395,188,0.29668686,4.04069948,32.163105,-7.1186905
1096500,1096800,42.58783,-87.820781,195,42.58949,-87.81395,188,0.45125473,4.25348043,32.1676598,-9.9187403
1096800,1097100,42.58783,-87.820781,195,42.58949,-87.81395,188,0.28810123,4.05187321,31.7000504,-9.1481524
1097100,1097400,42.58783,-87.820781,195,42.58949,-87.81395,188,0.24054682,3.67035341,32.7296143,-9.8218479
1097400,1097700,42.58783,-87.820781,195,42.58949,-87.81395,188,0.22322884,3.3445251,32.1913605,-9.8458881
1097700,1098000,42.58783,-87.820781,195,42.58949,-87.81395,188,0.30747625,3.28443527,33.3426132,-8.6116009
1098000,1098300,42.58783,-87.820781,195,42.58949,-87.81395,188,0.26307541,3.60206151,34.3352623,-8.4255562
1098300,1098600,42.58783,-87.820781,195,42.58949,-87.81395,188,0.35804552,3.3067832,33.9870605,-10.524501
1098600,1098900,42.58783,-87.820781,195,42.58949,-87.81395,188,0.31201184,3.53020334,33.8749428,-7.7841892
1098900,1099200,42.58783,-87.820781,195,42.58949,-87.81395,188,0.37960294,4.13948202,33.4255638,-8.8784199
1099200,1099500,42.58783,-87.820781,195,42.58949,-87.81395,188,0.33737919,5.11672926,34.5822868,-8.0449982
1099500,1099800,42.58783,-87.820781,195,42.58949,-87.81395,188,0.24449012,3.36770511,34.1748352,-9.058363
1099800,1100100,42.58783,-87.820781,195,42.58949,-87.81395,188,0.36476886,3.32443571,34.6880226,-7.076983
1100100,1100400,42.58783,-87.820781,195,42.58949,-87.81395,188,0.27407289,3.12942624,35.2969208,-6.9052353
1100400,1100700,42.58783,-87.820781,195,42.58949,-87.81395,188,0.33277956,3.31153822,36.4983101,-7.0059524
1100700,1101000,42.58783,-87.820781,195,42.58949,-87.81395,188,0.31621662,3.05608201,35.4742126,-4.2217479
