Code vs/Code vs/Data/staqs-Ground-Kenosha-DOAS_OTHER_20230701_R0_thru20230831.ict
43, 1001
Cleary, P
University of Wisconsin - Eau Claire
Ground-based Differential Optical Absorption Spectrometer (OPSIS DOAS)
STAQS 2023
1,1
2023, 07, 1, 2024, 03, 21
0
Time_Start, seconds
11
1, 1, 1, 1, 1, 1, 1, 1, 1, 1, 1
-9999, -9999, -9999, -9999, -9999, -9999, -9999, -9999, -9999, -9999, -9999
Time_Stop, seconds
Latitude_KM, degrees, Met_Latitude_Insitu_Kenosha-Municipal
Longitude_KM, degrees, Met_Longitude_Insitu_Kenosha-Municipal
Elevation_KM, meters above sea level, Met_Elevation_Insitu_Kenosha-Municipal
Latitude_WT, degrees, Met_Latitude_Insitu_Kenosha-Water-Treatment
Longitude_WT, degrees, Met_Longitude_Insitu_Kenosha-Water-Treatment
Elevation_WT, meters above sea level, Met_Elevation_Insitu_Kenosha-Water-Treatment
SO2_ppb, ppbv, Gas_SO2_Long-Path_DOAS_AVMR
NO2_ppb, ppbv, Gas_NO2_Long-Path_DOAS_AVMR
O3_ppb, ppbv,  Gas_O3_Long-Path_DOAS_AVMR
Formaldehyde_ppb, ppbv, Gas_HCHO_Long-Path_DOAS_AVMR
0
18
PI_CONTACT_INFO: 715-836-5518, UW-Eau Claire, Dept. of Chemistry, 105 Garfield Ave, Eau Claire, WI 54702, clearypa@uwec.edu
PLATFORM: Ground-based long-path DOAS instrumentation mounted between 2 buildings in Kenosha, Wisconsin.
LOCATION: Latitude and longitude are included in data records.
ASSOCIATED DATA:
INSTRUMENT_INFO: Light emitter at Kenosha Municipal Building and receiver and analyzer at Kenosha Water Treatment facility. Full pathlength for spectrometer is 596 m. Observations made by by differential UV absorption.
DATA_INFO: Units are ppbv
UNCERTAINTY: The uncertainty for each measurement is estimated at 10%
ULOD_FLAG:-7777, -7777, -7777, -7777, -7777, -7777, -7777, -7777, -7777, -7777, -7777
ULOD_VALUE:N/A
LLOD_FLAG:-8888, -8888, -8888, -8888, -8888, -8888, -8888, -8888, -8888, -8888, -8888
LLOD_VALUE:N/A
DM_CONTACT_INFO: Patricia Cleary, UW-Eau Claire, clearypa@uwec.edu
PROJECT_INFO: AGES 2023, 1-July 23 to 31-August 23; Kenosha, Wisconsin
STIPULTAIONS_ON_USE: With permission of PI
OTHER_COMMENTS: Formaldehyde data is uncalibrated.
REVISION: R0
R0: No Comments
Time_Start,Time_Stop,Latitude_KM,Longitude_KM,Elevation_KM,Latitude_WT,Longitude_WT,Elevation_WT,SO2_ppb,NO2_ppb,O3_ppb,Formaldehyde_ppb
[from data line 5172]
1551600,1551900,42.58783,-87.820781,195,42.58949,-87.81395,188,-0.300374,7.33797312,35.8338089,-15.798225
1551900,1552200,42.58783,-87.820781,195,42.58949,-87.81395,188,-0.150107,7.29303932,35.6414757,-15.0158
1552200,1552500,42.58783,-87.820781,195,42.58949,-87.81395,188,-0.2008096,6.96756744,36.1628685,-14.345201
1552500,1552800,42.58783,-87.820781,195,42.58949,-87.81395,188,-0.2752361,6.75668859,36.8446884,-15.80296
1552800,1553100,42.58783,-87.820781,195,42.58949,-87.81395,188,-0.2476917,6.387115,37.5101013,-14.007534
1553100,1553400,42.58783,-87.820781,195,42.58949,-87.81395,188,-0.2770931,6.4528513,37.4845772,-14.838042
1553400,1553700,42.58783,-87.820781,195,42.58949,-87.81395,188,0.27743992,6.21641493,39.4917526,-13.072848
1553700,1554000,42.58783,-87.820781,195,42.58949,-87.81395,188,0.38394645,7.54837656,39.6262016,-12.742467
1554000,1554300,42.58783,-87.820781,195,42.58949,-87.81395,188,0.33483392,9.08039951,40.1653671,-12.02925
1554300,1554600,42.58783,-87.820781,195,42.58949,-87.81395,188,0.30939454,6.22996616,39.8116951,-12.342511
1554600,1554900,42.58783,-87.820781,195,42.58949,-87.81395,188,0.33696297,5.9898448,39.9939995,-11.528668
1554900,1555200,42.58783,-87.820781,195,42.58949,-87.81395,188,0.34305668,6.0255065,39.4908409,-11.488873
1555200,1555500,42.58783,-87.820781,195,42.58949,-87.81395,188,-0.3182923,5.91216183,40.1106758,-12.140713
1555500,1555800,42.58783,-87.820781,195,42.58949,-87.81395,188,0.35245338,5.83115053,40.3267059,-12.778528
1555800,1556100,42.58783,-87.820781,195,42.58949,-87.81395,188,-0.4176593,5.14347553,39.1271439,-12.715147
1556100,1556400,42.58783,-87.820781,195,42.58949,-87.81395,188,-0.2158678,5.49319744,38.3505249,-13.497573
1556400,1556700,42.58783,-87.820781,195,42.58949,-87.81395,188,-0.1982057,5.44909573,37.7808228,-11.20712
1556700,1557000,42.58783,-87.820781,195,42.58949,-87.81395,188,-0.2971244,5.38228941,38.6777611,-16.317293
1557000,1557300,42.58783,-87.820781,195,42.58949,-87.81395,188,0.19549498,5.25842476,37.5711708,-16.66188
1557300,1557600,42.58783,-87.820781,195,42.58949,-87.81395,188,-0.2583317,5.05277634,38.582962,-16.05612
1557600,1557900,42.58783,-87.820781,195,42.58949,-87.81395,188,-0.128168,5.41676235,38.4708443,-11.397809
1557900,1558200,42.58783,-87.820781,195,42.58949,-87.81395,188,-0.1912702,5.13360929,37.6167488,-10.140209
1558200,1558500,42.58783,-87.820781,195,42.58949,-87.81395,188,-0.1628654,5.09580803,36.1528435,-9.6451826
1558500,1558800,42.58783,-87.820781,195,42.58949,-87.81395,188,-0.1872989,5.30668688,38.07798,-10.758718
1558800,1559100,42.58783,-87.820781,195,42.58949,-87.81395,188,-0.2213319,4.65467358,41.0258446,-9.5850801
1559100,1559400,42.58783,-87.820781,195,42.58949,-87.81395,188,-0.2371905,4.28070211,39.9939995,-9.1233835
1559400,1559700,42.58783,-87.820781,195,42.58949,-87.81395,188,0.39864179,4.42608261,40.6019859,-10.71865
1559700,1560000,42.58783,-87.820781,195,42.58949,-87.81395,188,0.23972507,4.59190941,40.0331955,-8.1885157
1560000,1560300,42.58783,-87.820781,195,42.58949,-87.81395,188,0.26584479,4.73871613,39.916523,-8.0865231
1560300,1560600,42.58783,-87.820781,195,42.58949,-87.81395,188,0.31336719,4.98799086,38.7269821,-7.4771199
1560600,1560900,42.58783,-87.820781,195,42.58949,-87.81395,188,0.40360427,4.91928291,39.3304138,-7.738657
1560900,1561200,42.58783,-87.820781,195,42.58949,-87.81395,188,0.18441744,4.76629448,39.6694984,-6.2586775
1561200,1561500,42.58783,-87.820781,195,42.58949,-87.81395,188,0.3334679,4.88421583,40.3130341,-6.158689
1561500,1561800,42.58783,-87.820781,195,42.58949,-87.81395,188,0.31269485,4.542696,38.3573608,-6.9578705
1561800,1562100,42.58783,-87.820781,195,42.58949,-87.81395,188,-0.1279999,4.70210361,37.3305283,-9.0625525
1562100,1562400,42.58783,-87.820781,195,42.58949,-87.81395,188,0.03827778,4.88552332,37.1865082,-9.2466841
1562400,1562700,42.58783,-87.820781,195,42.58949,-87.81395,188,-0.2404828,4.58881855,37.2111206,-8.1026421
1562700,1563000,42.58783,-87.820781,195,42.58949,-87.81395,188,-0.3459435,4.77425909,37.6039886,-9.144146
1563000,1563300,42.58783,-87.820781,195,42.58949,-87.81395,188,0.15978381,4.50739098,39.1125565,-9.2681761
1563300,1563600,42.58783,-87.820781,195,42.58949,-87.81395,188,-0.1440399,4.17062664,37.3906898,-10.321245
1563600,1563900,42.58783,-87.820781,195,42.58949,-87.81395,188,-0.2080292,4.508461,36.7827034,-9.2129908
1563900,1564200,42.58783,-87.820781,195,42.58949,-87.81395,188,0.18709078,4.508461,37.8464508,-9.2129908
1564200,1564500,42.58783,-87.820781,195,42.58949,-87.81395,188,0.1267433,4.73919153,37.5857582,-10.249304
1564500,1564800,42.58783,-87.820781,195,42.58949,-87.81395,188,0.26033804,5.27310562,36.8045807,-7.8883672
1564800,1565100,42.58783,-87.820781,195,42.58949,-87.81395,188,-0.2660636,8.31319904,34.1611633,-9.362154
1565100,1565400,42.58783,-87.820781,195,42.58949,-87.81395,188,0.15861523,6.62046099,35.2996559,-10.493175
1565400,1565700,42.58783,-87.820781,195,42.58949,-87.81395,188,-0.2370998,6.0277648,34.6697922,-8.5451241
1565700,1566000,42.58783,-87.820781,195,42.58949,-87.81395,188,-0.1100496,6.06770611,33.5932846,-9.7560987
1566000,1566300,42.58783,-87.820781,195,42.58949,-87.81395,188,-0.1475751,6.87460947,33.264225,-9.1086311
1566300,1566600,42.58783,-87.820781,195,42.58949,-87.81395,188,-0.3761986,7.17262173,33.4410591,-9.4162464
1566600,1566900,42.58783,-87.820781,195,42.58949,-87.81395,188,-0.2976207,8.31224823,33.1913033,-8.3815718
1566900,1567200,42.58783,-87.820781,195,42.58949,-87.81395,188,-0.2991361,6.92192078,32.4994545,-9.9675503
1567200,1567500,42.58783,-87.820781,195,42.58949,-87.81395,188,-0.1610418,6.42990923,32.3636398,-7.2755032
1567500,1567800,42.58783,-87.820781,195,42.58949,-87.81395,188,-0.2891417,5.92648602,33.7518883,-6.5894237
1567800,1568100,42.58783,-87.820781,195,42.58949,-87.81395,188,-0.1814666,6.56482887,33.3863678,-7.096653
1568100,1568400,42.58783,-87.820781,195,42.58949,-87.81395,188,-0.2548313,6.09207439,33.5850792,-6.9236302
1568400,1568700,42.58783,-87.820781,195,42.58949,-87.81395,188,-0.2970124,6.24327993,33.1612206,-6.7786555
1568700,1569000,42.58783,-87.820781,195,42.58949,-87.81395,188,-0.219587,6.38450003,32.0701294,-7.4947867
1569000,1569300,42.58783,-87.820781,195,42.58949,-87.81395,188,-0.2096087,6.49814177,32.5650864,-7.2408986
1569300,1569600,42.58783,-87.820781,195,42.58949,-87.81395,188,-0.2542123,7.31740808,30.4931927,-6.4216828
1569600,1569900,42.58783,-87.820781,195,42.58949,-87.81395,188,-0.2174099,7.26593637,29.954483,-5.5068498
1569900,1570200,42.58783,-87.820781,195,42.58949,-87.81395,188,-0.2947499,8.23949909,31.5687904,-6.1064181
1570200,1570500,42.58783,-87.820781,195,42.58949,-87.81395,188,-0.3475923,7.62112617,32.1439629,-6.4582911
1570500,1570800,42.58783,-87.820781,195,42.58949,-87.81395,188,-0.2452372,7.27913141,31.3755474,-6.5905166
1570800,1571100,42.58783,-87.820781,195,42.58949,-87.81395,188,-0.1738922,6.70521688,32.2825127,-5.4957395
1571100,1571400,42.58783,-87.820781,195,42.58949,-87.81395,188,-0.221564,6.84703112,31.2269688,-6.7551613
1571400,1571700,42.58783,-87.820781,195,42.58949,-87.81395,188,-0.202848,7.24525261,30.9006443,-6.0839705
1571700,1572000,42.58783,-87.820781,195,42.58949,-87.81395,188,0.19340861,7.00691414,30.92799,-6.2960143
1572000,1572300,42.58783,-87.820781,195,42.58949,-87.81395,188,-0.2751881,6.67805481,30.7848797,-6.3051205
1572300,1572600,42.58783,-87.820781,195,42.58949,-87.81395,188,0.26615426,6.9557991,30.878767,-6.1402941
1572600,1572900,42.58783,-87.820781,195,42.58949,-87.81395,188,-0.2495273,6.90301991,30.5004845,-6.1160707
1572900,1573200,42.58783,-87.820781,195,42.58949,-87.81395,188,-0.1890598,6.78284025,29.7644291,-5.8625474
1573200,1573500,42.58783,-87.820781,195,42.58949,-87.81395,188,-0.2706792,7.6735487,29.6486664,-6.1075106
1573500,1573800,42.58783,-87.820781,195,42.58949,-87.81395,188,-0.2493512,7.60293865,30.2270279,-5.7023649
1573800,1574100,42.58783,-87.820781,195,42.58949,-87.81395,188,-0.1880459,8.01697063,28.7549171,-5.8706522
1574100,1574400,42.58783,-87.820781,195,42.58949,-87.81395,188,-0.2140483,7.05386877,29.8915882,-5.8558998
1574400,1574700,42.58783,-87.820781,195,42.58949,-87.81395,188,-0.2169457,9.73229408,28.2948265,-5.2450395
1574700,1575000,42.58783,-87.820781,195,42.58949,-87.81395,188,-0.2234596,8.48841667,29.669632,-4.8042874
1575000,1575300,42.58783,-87.820781,195,42.58949,-87.81395,188,-0.273043,7.4146452,29.8063602,-5.0754771
1575300,1575600,42.58783,-87.820781,195,42.58949,-87.81395,188,-0.2112575,7.3688798,29.3861485,-5.2724042
1575600,1575900,42.58783,-87.820781,195,42.58949,-87.81395,188,-0.3753982,17.9620457,17.3932343,-5.307054
1575900,1576200,42.58783,-87.820781,195,42.58949,-87.81395,188,-0.4266024,17.7924156,24.2825279,-5.044333
1576200,1576500,42.58783,-87.820781,195,42.58949,-87.81395,188,-0.2911321,10.1778269,26.9168301,-5.4211578
1576500,1576800,42.58783,-87.820781,195,42.58949,-87.81395,188,-0.2441806,10.7317705,27.1524601,-5.7775841
1576800,1577100,42.58783,-87.820781,195,42.58949,-87.81395,188,-0.2175807,11.943552,25.6735134,-5.836503
1577100,1577400,42.58783,-87.820781,195,42.58949,-87.81395,188,-0.3306985,14.6533604,24.2127972,-5.8559909
1577400,1577700,42.58783,-87.820781,195,42.58949,-87.81395,188,-0.3135059,16.851305,21.3797817,-6.1885581
1577700,1578000,42.58783,-87.820781,195,42.58949,-87.81395,188,-0.3653558,21.1287975,19.0617771,-5.0859494
1578000,1578300,42.58783,-87.820781,195,42.58949,-87.81395,188,-0.4213731,18.6182194,18.4177856,-6.2242551
1578300,1578600,42.58783,-87.820781,195,42.58949,-87.81395,188,-0.2787099,17.6387138,18.6103458,-5.4540319
1578600,1578900,42.58783,-87.820781,195,42.58949,-87.81395,188,-0.4139348,27.2668762,13.478013,-10.658912
1578900,1579200,42.58783,-87.820781,195,42.58949,-87.81395,188,-0.5389252,27.9201965,13.3456144,-11.252834
1579200,1579500,42.58783,-87.820781,195,42.58949,-87.81395,188,-0.6789418,28.3914051,12.8629627,-10.220345
1579500,1579800,42.58783,-87.820781,195,42.58949,-87.81395,188,-0.5842491,30.1157646,14.7755671,-10.503374
1579800,1580100,42.58783,-87.820781,195,42.58949,-87.81395,188,-0.5958923,25.4272118,17.7870121,-10.257864
1580100,1580400,42.58783,-87.820781,195,42.58949,-87.81395,188,-0.574495,29.2425289,18.2528,-10.664012
1580400,1580700,42.58783,-87.820781,195,42.58949,-87.81395,188,-0.6558476,28.3119984,15.1909933,-9.2235537
1580700,1581000,42.58783,-87.820781,195,42.58949,-87.81395,188,-0.6338953,28.8250504,14.789012,-9.4286308
1581000,1581300,42.58783,-87.820781,195,42.58949,-87.81395,188,-0.5268765,30.4864063,14.9120674,-9.9719219
1581300,1581600,42.58783,-87.820781,195,42.58949,-87.81395,188,-0.4653738,28.802702,15.4886055,-7.2585654
1581600,1581900,42.58783,-87.820781,195,42.58949,-87.81395,188,-0.4434962,26.3710556,17.7692375,-5.8609991
1581900,1582200,42.58783,-87.820781,195,42.58949,-87.81395,188,-0.4819261,27.9263783,17.407135,-6.962606
1582200,1582500,42.58783,-87.820781,195,42.58949,-87.81395,188,-0.4569109,30.6761265,15.4562464,-6.3264298
1582500,1582800,42.58783,-87.820781,195,42.58949,-87.81395,188,-0.4058987,25.6464119,15.323164,-6.6722922
1582800,1583100,42.58783,-87.820781,195,42.58949,-87.81395,188,-0.4575299,29.9529095,12.8353891,-6.403379
1583100,1583400,42.58783,-87.820781,195,42.58949,-87.81395,188,-0.5064396,30.0156727,13.3793411,-6.3189621
1583400,1583700,42.58783,-87.820781,195,42.58949,-87.81395,188,-0.1923147,11.2148666,24.2027702,-6.6524405
1583700,1584000,42.58783,-87.820781,195,42.58949,-87.81395,188,-0.3431634,19.4217949,23.9334145,-6.4694009
1584000,1584300,42.58783,-87.820781,195,42.58949,-87.81395,188,-0.3334946,24.6069946,17.0997238,-6.1155243
1584300,1584600,42.58783,-87.820781,195,42.58949,-87.81395,188,-0.3791334,26.9972744,17.7077103,-5.8625474
1584600,1584900,42.58783,-87.820781,195,42.58949,-87.81395,188,-0.3867852,23.2737255,17.4319744,-5.2774582
1584900,1585200,42.58783,-87.820781,195,42.58949,-87.81395,188,-0.3307519,16.3558464,21.9189472,-5.3171625
1585200,1585500,42.58783,-87.820781,195,42.58949,-87.81395,188,-0.249682,12.3598423,24.5445919,-5.9020691
1585500,1585800,42.58783,-87.820781,195,42.58949,-87.81395,188,-0.2751454,11.249815,25.6511803,-5.8408742
1585800,1586100,42.58783,-87.820781,195,42.58949,-87.81395,188,-0.240296,17.5051003,21.1156693,-5.8517108
1586100,1586400,42.58783,-87.820781,195,42.58949,-87.81395,188,-0.3701102,23.4035339,13.5317926,-6.5526338
1586400,1586700,42.58783,-87.820781,195,42.58949,-87.81395,188,-0.2981596,25.1680698,16.3591099,-5.3483062
1586700,1587000,42.58783,-87.820781,195,42.58949,-87.81395,188,-0.4082893,23.789629,15.5036459,-6.5029125
1587000,1587300,42.58783,-87.820781,195,42.58949,-87.81395,188,-0.3291991,22.6615334,18.5563374,-5.4447436
1587300,1587600,42.58783,-87.820781,195,42.58949,-87.81395,188,-0.237516,17.8598156,19.4897385,-5.042603
1587600,1587900,42.58783,-87.820781,195,42.58949,-87.81395,188,-0.2712448,23.1928921,17.1402855,-6.0060649
1587900,1588200,42.58783,-87.820781,195,42.58949,-87.81395,188,-0.4744983,27.541708,13.9579306,-6.1971183
1588200,1588500,42.58783,-87.820781,195,42.58949,-87.81395,188,-0.379016,26.7300491,14.382472,-5.3365588
1588500,1588800,42.58783,-87.820781,195,42.58949,-87.81395,188,-0.5230559,23.3726273,15.1859798,-6.5085588
1588800,1589100,42.58783,-87.820781,195,42.58949,-87.81395,188,-0.3343003,20.1117287,15.98174,-6.2335439
1589100,1589400,42.58783,-87.820781,195,42.58949,-87.81395,188,-0.3383237,17.7214489,17.744627,-6.7025256
1589400,1589700,42.58783,-87.820781,195,42.58949,-87.81395,188,-0.519769,21.1658859,15.501709,-4.3643551
1589700,1590000,42.58783,-87.820781,195,42.58949,-87.81395,188,-0.4364206,30.3057213,10.0397463,-5.3870997
1590000,1590300,42.58783,-87.820781,195,42.58949,-87.81395,188,-0.393706,32.0821457,13.0507364,-6.7535219
1590300,1590600,42.58783,-87.820781,195,42.58949,-87.81395,188,-0.5167488,27.136591,13.2590199,-6.2002144
1590600,1590900,42.58783,-87.820781,195,42.58949,-87.81395,188,-0.3777353,26.2022572,13.7001972,-6.9480357
1590900,1591200,42.58783,-87.820781,195,42.58949,-87.81395,188,-0.353606,24.6374245,14.8323088,-4.7694097
1591200,1591500,42.58783,-87.820781,195,42.58949,-87.81395,188,-0.3718978,24.209486,14.6313181,-5.3384714
1591500,1591800,42.58783,-87.820781,195,42.58949,-87.81395,188,-0.450561,25.4205551,13.6455059,-7.0604091
1591800,1592100,42.58783,-87.820781,195,42.58949,-87.81395,188,-0.4096553,26.7785492,10.9300776,-6.2233448
1592100,1592400,42.58783,-87.820781,195,42.58949,-87.81395,188,-0.3786958,25.4096184,13.9371929,-7.70296
1592400,1592700,42.58783,-87.820781,195,42.58949,-87.81395,188,-0.3452391,27.2060127,13.4962435,-10.94194
1592700,1593000,42.58783,-87.820781,195,42.58949,-87.81395,188,-0.564047,25.777647,12.7171192,-10.067175
1593000,1593300,42.58783,-87.820781,195,42.58949,-87.81395,188,-0.4452997,27.9677448,13.4445143,-9.823122
1593300,1593600,42.58783,-87.820781,195,42.58949,-87.81395,188,-0.4132411,27.5488396,12.200285,-9.7167587
1593600,1593900,42.58783,-87.820781,195,42.58949,-87.81395,188,-0.4580528,28.4679585,10.8038311,-9.5963717
1593900,1594200,42.58783,-87.820781,195,42.58949,-87.81395,188,-0.513195,31.5144119,11.0964298,-9.067379
1594200,1594500,42.58783,-87.820781,195,42.58949,-87.81395,188,-0.5354034,27.5431347,12.39011,-8.5394783
1594500,1594800,42.58783,-87.820781,195,42.58949,-87.81395,188,-0.4172644,28.7506371,9.62272453,-8.2023573
1594800,1595100,42.58783,-87.820781,195,42.58949,-87.81395,188,-0.4002639,26.7642841,12.8383512,-9.3515911
1595100,1595400,42.58783,-87.820781,195,42.58949,-87.81395,188,-0.4775719,33.2508965,10.0178699,-8.8088465
1595400,1595700,42.58783,-87.820781,195,42.58949,-87.81395,188,-0.3378221,33.4962463,8.58244896,-8.9787731
1595700,1596000,42.58783,-87.820781,195,42.58949,-87.81395,188,-0.2344211,32.5757027,10.761673,-7.8883672
1596000,1596300,42.58783,-87.820781,195,42.58949,-87.81395,188,-0.3231694,33.4382362,8.95503426,-8.0646677
1596300,1596600,42.58783,-87.820781,195,42.58949,-87.81395,188,-0.2939121,34.1419601,9.42879772,-7.9954591
