Code vs/Code vs/Data/staqs-Ground-Kenosha-KNSW3_OTHER_20230701_R0_thru20230831.ict
38, 1001
Cleary, P
University of Wisconsin - Eau Claire
NOAA Meteorological Station at Kenosha Harbor Lighthouse KNSW3 operated by National Weather Service Central Region
STAQS 2023
1,1
2023, 07, 1, 2024, 03, 28
0
Time_Start, seconds
6
1, 1, 1, 1, 1, 1
-9999, -9999, -9999, -9999, -9999, -9999
Time_Stop, seconds
WDIR, degrees, Met_wind-direction_Insitu_Kenosha-KNSW3
WSPD, meters/second, Met_wind-speed_Insitu_Kenosha-KNSW3
GST, meters/second, Met_peak-gust-wind-speed_Insitu_Kenosha-KNSW3
PRES, hPa, Met_atmospheric-pressure_Insitu_Kenosha-KNSW3
ATMP, degrees Celsius, Met_air-temperature_Insitu_Kenosha-KNSW3
0
18
PI_CONTACT_INFO: 715-836-5518, UW-Eau Claire, Dept. of Chemistry, 105 Garfield Ave, Eau Claire, WI 54702, clearypa@uwec.edu
PLATFORM: Kenosha Harbor Lighthouse. NOAA Station KNSW3
LOCATION: 42.589 N 87.809 W (42°35'20" N 87°48'31" W) Site elevation: 176 m above mean sea level
ASSOCIATED DATA: Meteorological data to be paired with Kenosha DOAS instrument observations.
INSTRUMENT_INFO: NOAA Meteorological Station at Kenosha Harbor Lighthouse Station KNSW3
DATA_INFO: Units given
UNCERTAINTY: WDIR  +/- 3 degrees, WSPD ±0.3 m/s or 1% of reading, GST  ±0.3 m/s or 1% of reading, PRES ±0.5 mb (@ +20 degrees C), ATMP  ±0.2 degrees C (over 0 to 50 degrees C range)
ULOD_FLAG:-7777, -7777, -7777, -7777, -7777, -7777,
ULOD_VALUE:N/A
LLOD_FLAG:-8888, -8888, -8888, -8888, -8888, -8888,
LLOD_VALUE:N/A
DM_CONTACT_INFO: Patricia Cleary, UW-Eau Claire, clearypa@uwec.edu
PROJECT_INFO: AGES 2023, 1-July 23 to 31-August 23; Kenosha, Wisconsin
STIPULTAIONS_ON_USE: None
OTHER_COMMENTS: None
REVISION: R0
R0: No Comments
Time_Start,Time_Stop,WDIR,WSPD,GST,PRES,ATMP
[from data line 1732]
1039200,1039799,5,-9999,0.3,1006.4,17.2
1039800,1040399,5,-9999,0.5,1006.8,17.5
1040400,1040999,8,-9999,0.2,1006.8,17.7
1041000,1041599,6,8.2,9.7,1006.8,17.4
1041600,1042199,9,8.5,9.2,1007.1,17.5
1042200,1042799,12,7.1,8.8,1007.8,17.8
1042800,1043399,6,7.3,8.3,1007.8,17.6
1043400,1043999,357,6.5,7.8,1007.8,17.5
1044000,1044599,4,6.8,7.5,1008.1,17.9
1044600,1045199,356,6.6,7.8,1008.5,17.8
1045200,1045799,350,5.6,7.7,1008.5,17.9
1045800,1046399,353,5.9,6.9,1008.5,17.9
1046400,1046999,341,5.8,6.8,1008.8,17.7
1047000,1047599,345,5.2,7,1009.1,17.8
1047600,1048199,344,4.7,6,1009.1,17.7
1048200,1048799,345,4.9,5.6,1009.1,17.7
1048800,1049399,345,4.9,5.7,1009.5,17.7
1049400,1049999,351,4.6,5.5,1009.5,17.8
1050000,1050599,344,4.1,5.6,1009.5,17.8
1050600,1051199,341,4,5,1009.5,17.8
1051200,1051799,341,4.3,5,1009.5,17.7
1051800,1052399,332,3.6,5,1009.5,17.7
1052400,1052999,320,3.1,4.2,1009.8,17.5
1053000,1053599,322,2.5,4.1,1009.8,17.5
1053600,1054199,338,2.9,3.5,1009.5,17.5
1054200,1054799,329,2.6,3.5,1009.8,17.5
1054800,1055399,314,1.9,3,1009.8,17.4
1055400,1055999,329,2.2,2.7,1009.8,17.4
1056000,1056599,317,1.9,2.7,1009.8,17.4
1056600,1057199,303,1.7,2.5,1009.8,17.2
1057200,1057799,273,1.5,2.4,1010.2,16.9
1057800,1058399,278,2.1,3.1,1010.2,16.7
1058400,1058999,283,2.6,3.3,1010.2,16.7
1059000,1059599,287,2.5,3.7,1010.2,16.5
1059600,1060199,297,2.4,3.7,1010.2,16.5
1060200,1060799,300,2.3,3.7,1010.2,16.5
1060800,1061399,283,2,3.2,1010.2,16.3
1061400,1061999,300,2.1,2.8,1010.2,16.2
1062000,1062599,291,2,3.1,1010.2,16.2
1062600,1063199,284,1.7,2.5,1010.2,16
1063200,1063799,290,1.4,2.4,1010.2,16.1
1063800,1064399,304,1.5,2.1,1010.2,16
1064400,1064999,292,1.4,2.1,1010.2,15.9
1065000,1065599,288,1.6,2.3,1010.5,15.9
1065600,1066199,283,2.2,2.7,1010.5,15.8
1066200,1066799,284,1.9,2.3,1010.5,15.9
1066800,1067399,291,1.8,2.6,1010.5,15.9
1067400,1067999,291,1.4,2.8,1010.2,15.9
1068000,1068599,298,1.9,2.5,1010.2,15.9
1068600,1069199,292,1.3,2.6,1010.2,15.9
1069200,1069799,278,1.6,2.5,1010.5,15.8
1069800,1070399,271,1.9,2.7,1010.5,15.8
1070400,1070999,266,1.6,2.2,1010.8,15.9
1071000,1071599,276,1.4,2.1,1010.8,15.9
1071600,1072199,277,1.5,2.1,1011.2,15.9
1072200,1072799,273,1.7,2.4,1011.2,15.9
1072800,1073399,262,1.8,2.6,1011.5,15.9
1073400,1073999,268,2,2.7,1011.5,15.9
1074000,1074599,257,1.9,2.6,1011.5,15.9
1074600,1075199,258,2.1,2.7,1011.5,15.9
1075200,1075799,259,2,2.7,1011.5,16
1075800,1076399,268,2,2.5,1011.5,15.9
1076400,1076999,275,1.2,2.4,1011.9,16
1077000,1077599,274,1.9,2.6,1011.5,15.9
1077600,1078199,277,1.9,2.3,1011.5,16
1078200,1078799,279,2,3,1011.9,16
1078800,1079399,275,2.5,3.4,1011.9,15.9
1079400,1079999,284,2.9,3.3,1011.9,16
1080000,1080599,283,2.4,3.2,1011.9,16
1080600,1081199,282,2.3,2.8,1011.9,16
1081200,1081799,279,2.3,2.8,1011.9,16.2
1081800,1082399,278,2.1,2.8,1011.9,16.4
1082400,1082999,291,1.7,3,1011.9,16.5
1083000,1083599,292,2.1,2.7,1011.9,16.9
1083600,1084199,280,2.2,3.1,1011.9,16.9
1084200,1084799,289,2.3,3.5,1011.9,17.1
1084800,1085399,260,2.5,3.5,1011.9,17.1
1085400,1085999,272,2.1,3.6,1011.5,17.4
1086000,1086599,287,2.5,3.1,1011.5,17.5
1086600,1087199,305,2.6,3.7,1011.5,17.3
1087200,1087799,311,2.7,3.5,1011.5,17.5
1087800,1088399,294,2.1,3.1,1011.5,17.6
1088400,1088999,295,2.3,3.2,1011.5,17.6
1089000,1089599,292,2.8,3.8,1011.5,17.8
1089600,1090199,288,2.3,3,1011.5,17.9
1090200,1090799,311,1.5,2.9,1011.5,18
1090800,1091399,280,2,2.6,1011.5,18.1
1091400,1091999,282,1.6,2.6,1011.5,18.3
1092000,1092599,290,1.8,2.6,1011.5,18.3
1092600,1093199,292,1.1,2.3,1011.5,18.5
1093200,1093799,311,0.9,1.5,1011.5,18.8
1093800,1094399,248,0.7,2,1011.5,19
1094400,1094999,306,0.2,1.4,1011.2,19.4
1095000,1095599,52,0.9,1,1011.2,19.1
1095600,1096199,87,0.6,0.8,1011.5,20.9
1096200,1096799,81,1,1.2,1011.5,20.3
1096800,1097399,72,1.3,1.6,1011.5,19.6
1097400,1097999,94,1,1.5,1011.9,20
1098000,1098599,84,1.1,1.2,1011.9,20.2
1098600,1099199,123,0.9,1.1,1011.9,20.3
1099200,1099799,125,0.9,1.1,1011.5,20.2
1099800,1100399,124,1.3,1.6,1011.5,20
1100400,1100999,143,2,2.2,1011.5,19.4
1101000,1101599,135,2,2.4,1011.2,19.4
1101600,1102199,140,1.9,2.2,1011.2,19.4
1102200,1102799,146,2.1,2.3,1011.2,19.5
1102800,1103399,150,2.3,2.5,1011.5,19.4
1103400,1103999,152,2.7,3,1011.2,19.4
1104000,1104599,150,2.6,3,1010.8,19.4
1104600,1105199,151,2.6,2.9,1011.2,19.5
1105200,1105799,141,2.4,2.8,1011.2,19.8
1105800,1106399,131,2.3,2.6,1011.2,20.1
1106400,1106999,125,2.4,2.7,1011.2,20.3
1107000,1107599,130,2.9,3.1,1011.2,20.3
1107600,1108199,127,2.9,3.2,1011.2,20.3
1108200,1108799,131,3.1,3.4,1011.2,20.2
1108800,1109399,135,2.6,3.4,1011.2,20.2
1109400,1109999,129,2.9,3.2,1010.8,20.4
1110000,1110599,124,2.6,3.2,1011.2,20.6
1110600,1111199,125,2.7,2.9,1010.8,20.8
1111200,1111799,134,3.1,3.4,1010.8,20.3
1111800,1112399,137,3.3,3.4,1010.8,20.1
1112400,1112999,142,3.1,3.4,1011.2,20
1113000,1113599,142,3.3,3.6,1010.8,19.9
1113600,1114199,136,3.4,3.8,1010.8,20.1
1114200,1114799,138,3.3,3.5,1010.8,20.1
1114800,1115399,138,3.4,3.7,1010.8,20.2
1115400,1115999,141,3.4,3.7,1010.8,20.2
1116000,1116599,142,3.6,3.8,1010.8,20.3
1116600,1117199,148,3.6,3.9,1010.8,20.1
1117200,1117799,143,3.7,4.1,1010.8,20.2
1117800,1118399,146,3.6,4.1,1010.8,20.2
1118400,1118999,148,3.8,4.2,1010.5,20
1119000,1119599,147,3.8,4.1,1010.5,20.1
1119600,1120199,147,3.6,4,1010.2,19.9
1120200,1120799,151,4,4.1,1009.8,19.6
1120800,1121399,157,3.6,4.3,1010.2,19.5
1121400,1121999,162,3.8,4.8,1010.2,19.6
1122000,1122599,162,3.5,4.8,1010.2,19.5
1122600,1123199,160,3.9,4.4,1009.8,19.4
1123200,1123799,158,3.6,4.3,1009.8,19.4
1123800,1124399,157,3.3,4,1010.2,19.4
1124400,1124999,159,3.5,3.8,1009.8,19.4
1125000,1125599,165,2.8,3.8,1010.2,19.5
1125600,1126199,162,3.2,4,1009.8,19.5
1126200,1126799,169,2.8,3.8,1009.8,19.5
1126800,1127399,165,2.6,3.9,1009.8,19.6
1127400,1127999,163,3,3.7,1009.8,19.6
1128000,1128599,167,2.9,3.8,1009.8,19.7
1128600,1129199,161,2.9,3.7,1009.8,19.7
1129200,1129799,166,2.6,3.7,1009.8,19.7
1129800,1130399,170,1.9,3,1010.2,19.7
1130400,1130999,181,1.7,2.6,1010.2,19.9
1131000,1131599,181,2.1,2.7,1010.5,20
1131600,1132199,184,1.4,2.2,1010.5,20
1132200,1132799,170,0.8,1.8,1010.5,19.9
1132800,1133399,165,1.3,1.5,1010.5,19.9
1133400,1133999,182,0.9,1.4,1010.5,19.9
1134000,1134599,165,1.1,1.5,1010.5,19.9
1134600,1135199,158,1.7,2,1010.5,19.8
1135200,1135799,156,2.2,2.5,1010.5,19.7
1135800,1136399,152,2.4,2.6,1010.5,19.6
1136400,1136999,160,2.1,2.7,1010.2,19.6
1137000,1137599,161,2.4,2.8,1010.2,19.6
1137600,1138199,175,1.2,3,1010.5,19.6
1138200,1138799,174,1.5,2.2,1010.5,19.6
1138800,1139399,170,2,2.5,1010.2,19.6
1139400,1139999,177,1.7,2.6,1010.2,19.5
1140000,1140599,174,1.8,2.7,1009.8,19.6
1140600,1141199,177,1.8,2.4,1010.2,19.5
1141200,1141799,180,2.3,2.9,1010.2,19.6
1141800,1142399,172,1.4,2.4,1009.8,19.8
1142400,1142999,175,1.5,2.3,1010.2,19.7
1143000,1143599,186,2,2.6,1010.2,19.7
1143600,1144199,178,2.2,2.7,1010.2,19.6
1144200,1144799,175,1.7,2.4,1010.2,19.6
1144800,1145399,178,1.8,2.4,1010.2,19.4
1145400,1145999,194,1.7,2.5,1010.2,19.5
1146000,1146599,186,1.8,2.4,1010.2,19.6
1146600,1147199,184,1.9,2.3,1010.2,19.6
1147200,1147799,197,1.8,2.2,1010.5,19.8
1147800,1148399,200,1.8,2.9,1010.2,20.2
1148400,1148999,208,2.3,3.6,1010.2,20.7
1149000,1149599,211,2.1,3.6,1009.8,21
1149600,1150199,209,2.1,4.1,1009.8,21.1
1150200,1150799,203,2.6,3.7,1009.5,21.2
1150800,1151399,203,2.5,3.7,1009.5,21.3
1151400,1151999,212,2.1,3.8,1009.8,21.3
1152000,1152599,217,2.3,4.2,1009.8,21.3
1152600,1153199,219,2.4,3.3,1009.8,21.3
1153200,1153799,214,2.2,3.7,1009.5,21.2
1153800,1154399,220,2.8,3.8,1009.5,21.3
1154400,1154999,217,2.2,3.3,1009.5,21.1
1155000,1155599,228,1.9,3.1,1009.5,21.1
1155600,1156199,240,1.7,3.4,1009.5,21.1
1156200,1156799,237,1.9,3.4,1009.5,21.2
1156800,1157399,235,2.1,3.1,1009.5,21.2
1157400,1157999,241,2.2,3.5,1009.5,21.2
1158000,1158599,241,2.8,3.7,1009.5,21.1
1158600,1159199,245,2.6,3.6,1009.1,21.1
1159200,1159799,227,3,4.1,1009.1,21.2
1159800,1160399,212,3,4.1,1008.8,21.1
1160400,1160999,217,3.1,4.5,1008.5,21.1
1161000,1161599,223,3.2,4.2,1008.5,21.2
1161600,1162199,224,3,4.7,1008.5,21.2
1162200,1162799,224,2.7,4.1,1008.5,21.3
1162800,1163399,221,3.2,4.4,1008.5,21.4
1163400,1163999,222,2.4,3.9,1008.5,21.5
1164000,1164599,241,2.4,3.7,1008.5,21.6
1164600,1165199,228,2.1,3.5,1008.5,21.5
1165200,1165799,235,2.8,4.1,1009.1,21.6
1165800,1166399,233,3.2,5.2,1009.1,21.8
1166400,1166999,236,3.6,4.8,1009.5,21.8
1167000,1167599,247,3.3,5.2,1009.5,21.9
1167600,1168199,241,3.8,5.3,1009.8,22.2
1168200,1168799,251,3.8,5.2,1009.8,22.6
1168800,1169399,252,4.8,6.2,1009.5,22.9
1169400,1169999,241,3.7,6.3,1009.1,22.9
1170000,1170599,226,3.9,5.7,1008.5,22.9
1170600,1171199,223,4.3,6.3,1008.5,22.7
1171200,1171799,227,3.9,6.2,1008.8,23.2
1171800,1172399,229,3.3,5.9,1008.8,23.7
1172400,1172999,230,3.2,4.7,1009.1,24
1173000,1173599,233,2.9,5.1,1009.1,24.5
1173600,1174199,233,2.9,4.8,1009.5,25
1174200,1174799,242,3.7,4.8,1009.5,25.6
1174800,1175399,244,3.2,5.5,1009.5,25.6
1175400,1175999,226,4,5,1009.5,25.5
1176000,1176599,238,3,4.8,1009.5,25.5
1176600,1177199,245,4.6,5.7,1009.8,25.5
1177200,1177799,244,4.5,5.7,1009.8,25.7
1177800,1178399,245,3.9,5.3,1009.8,26.1
1178400,1178999,247,3.9,5.9,1009.5,26.3
1179000,1179599,243,3,5.3,1009.5,26.9
1179600,1180199,249,4.2,5.5,1009.5,27.1
1180200,1180799,240,4.3,5.6,1009.8,27.6
1180800,1181399,238,4,6.1,1009.8,27.7
1181400,1181999,227,4.3,6.3,1009.5,27.9
1182000,1182599,231,4.5,7.1,1009.8,28.3
1182600,1183199,241,5.2,6.9,1009.8,28.1
1183200,1183799,243,5.7,7,1009.8,27.9
1183800,1184399,237,4.7,6.1,1009.8,28.4
1184400,1184999,255,4.9,7.9,1009.5,28.4
1185000,1185599,243,4.4,6.9,1009.8,28.4
1185600,1186199,252,4.7,6.2,1009.5,28.2
1186200,1186799,255,5.2,6,1009.5,28.4
1186800,1187399,244,5,6.3,1009.5,28.8
1187400,1187999,245,5.3,6.3,1009.5,28.6
1188000,1188599,239,4.4,5.8,1009.5,28.9
1188600,1189199,244,5.1,6.9,1009.5,29.1
1189200,1189799,232,4.3,6.5,1009.5,29.2
1189800,1190399,247,4.6,6.5,1009.5,29.3
1190400,1190999,231,2.9,5.9,1009.1,29.9
1191000,1191599,238,3.7,5.8,1009.1,29.6
1191600,1192199,239,4.3,7,1009.1,29.8
1192200,1192799,226,4.2,6.3,1009.1,30.1
1192800,1193399,242,3.9,6,1008.8,30.4
1193400,1193999,222,3.6,6.3,1008.5,30.3
1194000,1194599,245,5,6.3,1008.5,30.4
1194600,1195199,251,4.9,6.5,1008.5,30.4
1195200,1195799,255,4.3,6.5,1008.5,30.8
1195800,1196399,275,4.2,5.8,1008.1,30.7
1196400,1196999,258,4.4,5.5,1008.5,30.7
1197000,1197599,256,3.2,5.7,1008.1,31.1
1197600,1198199,282,4.2,6.2,1008.1,31.1
1198200,1198799,259,3.5,5.1,1008.1,30.8
1198800,1199399,245,4.2,5.1,1008.5,31.1
1199400,1199999,257,3.7,5.3,1008.5,31.2
1200000,1200599,264,3.1,4.4,1008.1,31.1
1200600,1201199,288,3.3,5.3,1008.1,30.9
1201200,1201799,259,2.5,4.3,1007.8,31.4
1201800,1202399,283,2.8,4.2,1007.8,31.4
1202400,1202999,296,2.5,4.2,1007.5,31
1203000,1203599,293,1.9,4.1,1007.5,31.1
1203600,1204199,291,2.3,3.4,1007.5,31
1204200,1204799,276,2.3,3.1,1007.5,30.9
1204800,1205399,290,2.2,2.9,1007.5,30.8
1205400,1205999,283,1.6,3.3,1007.5,30.7
1206000,1206599,281,1.8,2.6,1007.5,30.7
1206600,1207199,264,1.7,2.5,1007.8,30.7
1207200,1207799,268,1.9,3,1008.1,30.6
1207800,1208399,244,1.8,2.8,1008.5,30.6
1208400,1208999,253,1.6,2.8,1008.5,30.6
1209000,1209599,244,1.8,2.1,1008.5,30.5
1209600,1210199,240,1.6,2.2,1008.5,30.4
1210200,1210799,233,2,3,1008.8,30.2
1210800,1211399,239,2.2,3.4,1008.8,30
1211400,1211999,243,1.9,3,1008.8,29.9
1212000,1212599,228,2,3.2,1008.8,29.9
1212600,1213199,232,2,3.1,1008.8,29.4
1213200,1213799,245,1.9,3.1,1008.5,29.2
1213800,1214399,241,2,3,1008.8,29
1214400,1214999,241,2.2,3,1008.8,28.9
1215000,1215599,235,1.6,2.9,1008.8,28.8
1215600,1216199,230,1.7,3.1,1008.8,28.6
1216200,1216799,229,1.5,2.8,1008.8,28.6
1216800,1217399,227,1.2,2.9,1008.5,28.4
1217400,1217999,195,1.2,2.5,1008.1,28.3
1218000,1218599,203,4.5,8.2,1008.5,23.4
1218600,1219199,284,2.1,4.6,1009.5,23.4
1219200,1219799,351,4.2,6.2,1009.5,22.1
1219800,1220399,354,3.7,4.9,1009.1,22.4
1220400,1220999,0,4.1,6.3,1009.5,22
1221000,1221599,340,3.3,4.6,1009.1,21.8
1221600,1222199,313,1.8,3.5,1009.5,22.1
1222200,1222799,303,0.8,2.4,1009.1,22.4
1222800,1223399,338,0.8,1.2,1009.1,22.5
1223400,1223999,184,1.5,2.1,1009.1,22.5
1224000,1224599,175,1.7,2.2,1009.5,22.5
1224600,1225199,167,2.5,3.5,1009.5,21.8
1225200,1225799,173,2.2,4.6,1009.5,21.7
1225800,1226399,137,2.5,3,1009.1,21.4
1226400,1226999,117,2.9,3.1,1008.5,21.9
1227000,1227599,125,2.5,3.7,1008.5,22.7
1227600,1228199,128,2.4,2.8,1008.5,22.4
1228200,1228799,130,1.4,2.3,1008.1,22
1228800,1229399,127,0.3,1.5,1008.5,22.3
1229400,1229999,123,0,0.8,1008.1,22.4
1230000,1230599,0,0,0,1008.1,22.5
1230600,1231199,65,0.1,0.5,1008.1,22.6
1231200,1231799,0,0,0,1008.1,22.5
1231800,1232399,0,0,0,1008.5,22.2
1232400,1232999,106,0.7,1.2,1008.1,22.7
1233000,1233599,252,0.2,0.8,1008.5,22.8
1233600,1234199,251,1.8,1.9,1008.5,22.7
1234200,1234799,217,1,1.5,1008.8,23
1234800,1235399,204,1,1.5,1008.8,23.1
1235400,1235999,213,1,1.5,1008.8,23.2
1236000,1236599,193,1.2,1.6,1008.8,23.2
1236600,1237199,198,1.1,1.8,1008.8,22.9
1237200,1237799,202,1.1,1.6,1008.8,22.9
1237800,1238399,197,1.4,1.7,1008.8,22.9
1238400,1238999,188,0.9,1.6,1009.1,22.7
1239000,1239599,182,1.3,1.5,1008.8,22.5
1239600,1240199,184,1.4,2,1008.8,22.2
1240200,1240799,185,2,3.3,1008.8,22.3
1240800,1241399,189,1.6,2.9,1009.1,22.3
1241400,1241999,194,1.9,3.7,1009.1,22.3
1242000,1242599,190,1.8,3.4,1008.8,22.2
1242600,1243199,174,1.1,2.3,1008.8,22
1243200,1243799,185,1,1.5,1008.5,21.9
1243800,1244399,171,1.5,1.9,1008.5,21.6
1244400,1244999,163,1.7,2,1008.5,21
1245000,1245599,176,1.4,2.1,1008.5,21.1
1245600,1246199,169,1.8,2.2,1008.5,20.8
1246200,1246799,196,1,1.9,1008.8,20.8
1246800,1247399,224,1.1,1.7,1008.8,21.4
1247400,1247999,227,2.1,3.1,1008.8,21.5
1248000,1248599,228,2.2,3.4,1008.8,21.5
1248600,1249199,243,2,3.4,1009.1,21.5
1249200,1249799,238,2.7,3.8,1009.1,21.6
1249800,1250399,233,3.4,5.2,1008.8,21.6
1250400,1250999,235,3.1,5.3,1008.8,21.6
1251000,1251599,239,2.9,4.6,1008.8,21.5
1251600,1252199,234,2.7,4.5,1009.1,21.5
1252200,1252799,233,3,4.2,1008.8,21.6
1252800,1253399,238,2.5,3.7,1009.1,21.6
1253400,1253999,242,3.3,4.2,1008.8,21.6
1254000,1254599,237,3.2,4.1,1008.8,21.9
1254600,1255199,241,3,3.9,1008.8,22.2
1255200,1255799,239,3.2,4.1,1008.8,22.4
1255800,1256399,246,3.9,4.7,1008.8,22.4
1256400,1256999,255,3.5,4.4,1008.5,22.7
1257000,1257599,248,4.1,4.7,1008.5,22.8
1257600,1258199,262,3.1,4.7,1008.5,23.2
1258200,1258799,256,3.8,4.6,1008.5,23.2
1258800,1259399,253,3,4.1,1008.5,23.5
1259400,1259999,262,3.2,4.7,1008.5,23.6
1260000,1260599,249,3.7,4.5,1008.5,23.7
1260600,1261199,275,3.1,4.7,1008.5,24
1261200,1261799,241,3.3,4.1,1008.5,23.9
1261800,1262399,264,3,3.7,1008.5,24.2
1262400,1262999,285,3.1,3.9,1008.5,24.4
1263000,1263599,282,2.5,3.7,1008.5,24.6
1263600,1264199,268,2.4,4.1,1008.8,24.9
1264200,1264799,251,2.6,3.7,1008.8,25.1
1264800,1265399,257,2.7,4.2,1008.8,25.4
1265400,1265999,272,2.2,3.1,1008.8,25.5
1266000,1266599,281,2.4,3.3,1008.8,25.6
1266600,1267199,285,2.7,4.4,1008.8,25.6
1267200,1267799,298,2.3,3.4,1008.8,25.9
1267800,1268399,267,2.9,3.5,1008.8,26
1268400,1268999,307,2.4,3.3,1008.8,25.9
1269000,1269599,285,2.2,3.6,1008.8,26.3
1269600,1270199,255,1.7,3.4,1008.8,26.6
1270200,1270799,279,2.8,3.5,1008.8,26.6
1270800,1271399,265,2.7,3.7,1008.8,26.9
1271400,1271999,278,1.6,3.3,1008.8,26.9
1272000,1272599,249,2.6,4,1008.8,27.1
1272600,1273199,254,2.2,3.7,1008.8,27.2
1273200,1273799,285,2.4,4.1,1008.5,27.5
1273800,1274399,259,2.5,3.8,1008.5,27.7
1274400,1274999,239,2.2,3.3,1008.5,27.7
1275000,1275599,260,1.2,2.7,1008.5,27.7
1275600,1276199,279,2.2,3.2,1008.5,27.6
1276200,1276799,148,1.6,3.1,1008.5,24.8
1276800,1277399,119,1.5,1.9,1008.5,24.8
1277400,1277999,162,2.2,3.3,1008.5,24.9
1278000,1278599,155,4.9,5.5,1008.5,23.7
1278600,1279199,159,3.1,5.2,1008.5,23.6
1279200,1279799,155,2.1,3.2,1008.5,24.7
1279800,1280399,132,2.7,3.4,1008.5,23.5
1280400,1280999,124,2.4,2.7,1008.5,23.7
1281000,1281599,132,2.1,3.1,1008.5,23.7
1281600,1282199,148,1.8,2.3,1008.5,24.5
