Code vs/Code vs/Data/staqs-O3-PM25-MET_DRONE_20230817_R0.ict
39,  1001 
Newchurch,  Mike
The University of Alabama in Huntsville
0-120m AGL Drone Profiles
NASA Synergystic TEMPO Air Quality Science (STAQS)
1,  1 
2023,  08,  17,  2023,  12,  12 
1
Time_Start,  UTC,  seconds from start of day
7
1,  1,  1,  1,  1,  1,  1
-99999,  -99999,  -99999,  -99999,  -99999,  -99999,  -99999
Altitude,  m,  Platform_Altitude_GPS_metersmsl
O3,  ppbv,  Gas_Ozone_InSitu_ppbv
PM25,  ug/m^3,  Met_ParticulateMatter<2.5micron_InSitu_ug/m^3
VOC_experimental,  ohms,  Gas_VOC_InSitu_ohms
Temperature,  degreesC,  Met_Temperature_InSitu_degreesC
RH,  percent,  Met_RelativeHumidity_InSitu_percent
Pressure,  Pa,  Met_Pressure_InSitu_pa
0
18
PI_CONTACT_INFO: Address: Mike.Newchurch@uah.edu
PLATFORM: BlueHalo E900 UAV
LOCATION: 42.505 ,  -87.809 ,  180 m altitude AMSL
ASSOCIATED_DATA: N/A
INSTRUMENT_INFO: Ozone; 2B Model 205,  PM2.5; Plantower PMS5003; Temperature,  Pressure,  Humidity,  VOC; BME680
DATA_INFO: N/A
UNCERTAINTY: ~5%
ULOD_FLAG: -77777
ULOD_VALUE: N/A
LLOD_FLAG: -88888
LLOD_VALUE: N/A
DM_CONTACT_INFO: Darby Stevenson (The University of Alabama in Huntsville,  email: <dps001 @uah.edu>)
PROJECT_INFO: STAQS 2023; https://www-air.larc.nasa.gov/missions/staqs/index.html
STIPULATIONS_ON_USE:  Please consult PI prior to use/publication. Use of data should include an offer of co-authorship on any manuscript to PI and DM. 
OTHER_COMMENTS: N/A
REVISION: R0
R0: Final Data
Time_Start,  Altitude,  O3,  PM25,  VOC_experimental,  Temperature,  RH,  Pressure
[from data line 3658]
6370, 172.18, 36.67, 9.375, 196554.2, 22.39, 67.53999999999999, 99061.25
6371, 172.18, 36.1, 9.5, 196201.0, 22.39, 67.57, 99062.0
6372, 172.18, 35.54, 9.375, 196142.8, 22.39, 67.5975, 99062.25
6373, 172.18, 34.98, 9.25, 196084.5, 22.4, 67.625, 99062.5
6374, 172.18, 34.42, 9.125, 196026.2, 22.41, 67.6525, 99062.75
6375, 172.18, 33.86, 9.0, 195968.0, 22.41, 67.68, 99063.0
6376, 172.18, 33.3, 9.0, 195420.2, 22.41, 67.70500000000001, 99062.75
6377, 172.18, 32.74, 9.0, 194872.5, 22.41, 67.73, 99062.5
6378, 172.18, 32.18, 9.0, 194324.8, 22.42, 67.755, 99062.25
6379, 172.18, 31.62, 9.0, 193777.0, 22.42, 67.78, 99062.0
6380, 172.18, 31.06, 9.0, 193550.0, 22.42, 67.8, 99062.0
6381, 172.18, 30.5, 9.0, 193323.0, 22.43, 67.82, 99062.0
6382, 172.18, 31.74, 9.0, 193096.0, 22.43, 67.84, 99062.0
6383, 172.18, 32.98, 9.0, 192869.0, 22.43, 67.86, 99062.0
6384, 172.18, 34.22, 9.125, 192982.2, 22.43, 67.88, 99062.25
6385, 172.18, 35.46, 9.25, 193095.5, 22.44, 67.9, 99062.5
6386, 172.18, 36.7, 9.375, 193208.8, 22.44, 67.92, 99062.75
6387, 172.18, 37.94, 9.5, 193322.0, 22.44, 67.94, 99063.0
6388, 172.18, 39.18, 9.375, 192816.8, 22.44, 67.9675, 99063.0
6389, 172.18, 40.42, 9.25, 192311.5, 22.44, 67.995, 99063.0
6390, 172.18, 41.66, 9.125, 191806.2, 22.44, 68.0225, 99063.0
6391, 172.18, 42.9, 9.0, 191301.0, 22.44, 68.05, 99063.0
6392, 172.18, 42.11, 9.25, 191079.8, 22.44, 68.08, 99063.0
6393, 172.18, 41.32, 9.5, 190858.5, 22.45, 68.11, 99063.0
6394, 172.18, 40.53, 9.75, 190637.2, 22.45, 68.14, 99063.0
6395, 172.18, 39.74, 10.0, 190416.0, 22.45, 68.17, 99063.0
6396, 172.18, 38.95, 9.875, 190142.5, 22.45, 68.1975, 99063.0
6397, 172.18, 38.16, 9.75, 189869.0, 22.45, 68.225, 99063.0
6398, 172.18, 37.37, 9.625, 189595.5, 22.45, 68.2525, 99063.0
6399, 172.18, 36.58, 9.5, 189322.0, 22.45, 68.28, 99063.0
6400, 172.18, 35.79, 10.0, 189267.5, 22.45, 68.3075, 99063.0
6401, 172.18, 35.0, 10.5, 189213.0, 22.45, 68.33500000000001, 99063.0
6402, 172.18, 36.13, 11.0, 189158.5, 22.45, 68.3625, 99063.0
6403, 172.18, 37.26, 11.5, 189104.0, 22.45, 68.39, 99063.0
6404, 172.18, 38.39, 11.75, 188753.8, 22.45, 68.4125, 99063.25
6405, 172.18, 39.52, 12.0, 188403.5, 22.45, 68.435, 99063.5
6406, 172.18, 40.65, 12.25, 188053.2, 22.44, 68.45750000000001, 99063.75
6407, 172.18, 41.78, 12.5, 187703.0, 22.44, 68.48, 99064.0
6408, 172.18, 42.91, 12.5, 187703.0, 22.44, 68.495, 99064.0
6409, 172.18, 44.04, 12.5, 187703.0, 22.44, 68.51, 99064.0
6410, 172.18, 45.17, 12.5, 187703.0, 22.44, 68.525, 99064.0
6411, 172.18, 46.3, 12.5, 187703.0, 22.44, 68.54, 99064.0
6412, 172.18, 44.38, 12.375, 187596.2, 22.44, 68.55250000000001, 99063.75
6413, 172.18, 42.46, 12.25, 187489.5, 22.44, 68.565, 99063.5
6414, 172.18, 40.54, 12.125, 187382.8, 22.44, 68.5775, 99063.25
6415, 172.18, 38.62, 12.0, 187276.0, 22.44, 68.59, 99063.0
6416, 172.18, 36.7, 11.875, 187090.5, 22.44, 68.605, 99062.75
6417, 172.18, 34.78, 11.75, 186905.0, 22.44, 68.62, 99062.5
6418, 172.18, 32.86, 11.625, 186719.5, 22.43, 68.635, 99062.25
6419, 172.18, 30.94, 11.5, 186534.0, 22.43, 68.65, 99062.0
6420, 172.18, 29.02, 11.25, 186428.5, 22.43, 68.665, 99062.0
6421, 172.18, 27.1, 11.0, 186323.0, 22.43, 68.68, 99062.0
6422, 172.18, 28.91, 10.75, 186217.5, 22.43, 68.695, 99062.0
6423, 172.18, 30.72, 10.5, 186112.0, 22.43, 68.71, 99062.0
6424, 172.18, 32.53, 10.375, 186164.8, 22.43, 68.7225, 99062.25
6425, 172.18, 34.34, 10.25, 186217.5, 22.43, 68.735, 99062.5
6426, 172.18, 36.15, 10.125, 186270.2, 22.43, 68.7475, 99062.75
6427, 172.18, 37.96, 10.0, 186323.0, 22.43, 68.76, 99063.0
6428, 172.18, 39.77, 9.875, 185982.8, 22.43, 68.77000000000001, 99063.25
6429, 172.18, 41.58, 9.75, 185642.5, 22.43, 68.78, 99063.5
6430, 172.18, 43.39, 9.625, 185302.2, 22.42, 68.78999999999999, 99063.75
6431, 172.18, 45.2, 9.5, 184962.0, 22.42, 68.8, 99064.0
6432, 172.18, 43.39, 9.25, 184962.0, 22.42, 68.8175, 99063.75
6433, 172.18, 41.58, 9.0, 184962.0, 22.41, 68.83500000000001, 99063.5
6434, 172.18, 39.77, 8.75, 184962.0, 22.41, 68.8525, 99063.25
6435, 172.18, 37.96, 8.5, 184962.0, 22.41, 68.87, 99063.0
6436, 172.18, 36.15, 8.25, 185249.2, 22.41, 68.8875, 99062.75
6437, 172.18, 34.34, 8.0, 185536.5, 22.41, 68.905, 99062.5
6438, 172.18, 32.53, 7.75, 185823.8, 22.41, 68.9225, 99062.25
6439, 172.18, 30.72, 7.5, 186111.0, 22.41, 68.94, 99062.0
6440, 172.18, 28.91, 7.5, 185905.0, 22.41, 68.94749999999999, 99062.25
6441, 172.18, 27.1, 7.5, 185699.0, 22.41, 68.955, 99062.5
6442, 172.18, 28.46, 7.5, 185493.0, 22.41, 68.9625, 99062.75
6443, 172.18, 29.82, 7.5, 185287.0, 22.41, 68.97, 99063.0
6444, 172.18, 31.18, 7.625, 185338.2, 22.41, 68.97749999999999, 99062.5
6445, 172.18, 32.54, 7.75, 185389.5, 22.41, 68.985, 99062.0
6446, 172.18, 33.9, 7.875, 185440.8, 22.4, 68.9925, 99061.5
6447, 172.18, 35.26, 8.0, 185492.0, 22.4, 69.0, 99061.0
6448, 172.18, 36.62, 8.375, 185595.0, 22.4, 69.005, 99061.0
6449, 172.18, 37.98, 8.75, 185698.0, 22.39, 69.00999999999999, 99061.0
6450, 172.18, 39.34, 9.125, 185801.0, 22.39, 69.015, 99061.0
6451, 172.18, 40.7, 9.5, 185904.0, 22.39, 69.02, 99061.0
6452, 172.18, 42.39, 9.5, 185955.8, 22.39, 69.025, 99061.0
6453, 172.18, 44.08, 9.5, 186007.5, 22.39, 69.03, 99061.0
6454, 172.18, 45.77, 9.5, 186059.2, 22.39, 69.035, 99061.0
6455, 172.18, 47.46, 9.5, 186111.0, 22.39, 69.04, 99061.0
6456, 172.18, 49.15, 9.625, 186059.2, 22.39, 69.05250000000001, 99061.0
6457, 172.18, 50.84, 9.75, 186007.5, 22.38, 69.065, 99061.0
6458, 172.18, 52.53, 9.875, 185955.8, 22.38, 69.0775, 99061.0
6459, 172.18, 54.22, 10.0, 185904.0, 22.38, 69.09, 99061.0
6460, 172.18, 55.91, 10.0, 185647.5, 22.38, 69.105, 99061.25
6461, 172.18, 57.6, 10.0, 185391.0, 22.38, 69.12, 99061.5
6462, 172.18, 55.68, 10.0, 185134.5, 22.39, 69.135, 99061.75
6463, 172.18, 53.76, 10.0, 184878.0, 22.39, 69.15, 99062.0
6464, 172.18, 51.84, 10.0, 185083.0, 22.39, 69.165, 99062.0
6465, 172.18, 49.92, 10.0, 185288.0, 22.39, 69.18, 99062.0
6466, 172.18, 48.0, 10.0, 185493.0, 22.4, 69.195, 99062.0
6467, 172.18, 46.08, 10.0, 185698.0, 22.4, 69.21, 99062.0
6468, 172.18, 44.16, 10.0, 185493.0, 22.4, 69.2175, 99060.75
6469, 172.18, 42.24, 10.0, 185288.0, 22.41, 69.225, 99059.5
6470, 172.18, 40.32, 10.0, 185083.0, 22.41, 69.23249999999999, 99058.25
6471, 172.18, 38.4, 10.0, 184878.0, 22.41, 69.24, 99057.0
6472, 172.18, 38.74, 9.75, 184776.2, 22.41, 69.23249999999999, 99056.75
6473, 172.18, 39.08, 9.5, 184674.5, 22.41, 69.225, 99056.5
6474, 172.18, 39.42, 9.25, 184572.8, 22.41, 69.2175, 99056.25
6475, 172.18, 39.76, 9.0, 184471.0, 22.41, 69.21, 99056.0
6476, 172.18, 40.1, 9.25, 184319.0, 22.41, 69.2075, 99056.0
6477, 172.18, 40.44, 9.5, 184167.0, 22.41, 69.205, 99056.0
6478, 172.18, 40.78, 9.75, 184015.0, 22.41, 69.2025, 99056.0
6479, 172.18, 41.12, 10.0, 183863.0, 22.41, 69.2, 99056.0
6480, 172.18, 41.46, 9.75, 183964.2, 22.41, 69.2, 99056.25
6481, 172.18, 41.8, 9.5, 184065.5, 22.41, 69.2, 99056.5
6482, 172.18, 41.57, 9.25, 184166.8, 22.41, 69.2, 99056.75
6483, 172.18, 41.34, 9.0, 184268.0, 22.41, 69.2, 99057.0
6484, 172.18, 41.11, 9.0, 184116.5, 22.41, 69.1975, 99056.75
6485, 172.18, 40.88, 9.0, 183965.0, 22.41, 69.195, 99056.5
6486, 172.18, 40.65, 9.0, 183813.5, 22.41, 69.1925, 99056.25
6487, 172.18, 40.42, 9.0, 183662.0, 22.41, 69.19, 99056.0
6488, 172.18, 40.19, 9.25, 183762.8, 22.41, 69.1875, 99055.75
6489, 172.18, 39.96, 9.5, 183863.5, 22.41, 69.185, 99055.5
6490, 172.18, 39.73, 9.75, 183964.2, 22.41, 69.1825, 99055.25
6491, 172.18, 39.5, 10.0, 184065.0, 22.41, 69.18, 99055.0
6492, 172.18, 39.62, 9.75, 184014.5, 22.41, 69.17750000000001, 99055.25
6493, 172.18, 39.74, 9.5, 183964.0, 22.41, 69.17500000000001, 99055.5
6494, 172.18, 39.86, 9.25, 183913.5, 22.41, 69.1725, 99055.75
6495, 172.18, 39.98, 9.0, 183863.0, 22.41, 69.17, 99056.0
6496, 172.18, 40.1, 9.0, 183964.2, 22.41, 69.1725, 99056.0
6497, 172.18, 40.22, 9.0, 184065.5, 22.41, 69.17500000000001, 99056.0
6498, 172.18, 40.34, 9.0, 184166.8, 22.41, 69.17750000000001, 99056.0
6499, 172.18, 40.46, 9.0, 184268.0, 22.41, 69.18, 99056.0
6500, 172.18, 40.58, 8.875, 184574.0, 22.41, 69.17500000000001, 99055.5
6501, 172.18, 40.7, 8.75, 184880.0, 22.41, 69.17, 99055.0
6502, 172.18, 43.05, 8.625, 185186.0, 22.41, 69.16499999999999, 99054.5
6503, 172.18, 45.4, 8.5, 185492.0, 22.41, 69.16, 99054.0
6504, 172.18, 47.75, 8.625, 185186.0, 22.41, 69.16, 99054.25
6505, 172.18, 50.1, 8.75, 184880.0, 22.41, 69.16, 99054.5
6506, 172.18, 52.45, 8.875, 184574.0, 22.41, 69.16, 99054.75
6507, 172.18, 54.8, 9.0, 184268.0, 22.41, 69.16, 99055.0
6508, 172.18, 57.15, 9.125, 184369.5, 22.41, 69.16, 99055.25
6509, 172.18, 59.5, 9.25, 184471.0, 22.41, 69.16, 99055.5
6510, 172.18, 61.85, 9.375, 184572.5, 22.4, 69.16, 99055.75
6511, 172.18, 64.2, 9.5, 184674.0, 22.4, 69.16, 99056.0
6512, 172.18, 66.55, 9.375, 184623.2, 22.4, 69.16, 99056.0
6513, 172.18, 68.9, 9.25, 184572.5, 22.4, 69.16, 99056.0
6514, 172.18, 68.9, 9.125, 184521.8, 22.4, 69.16, 99056.0
6515, 172.18, 68.9, 9.0, 184471.0, 22.4, 69.16, 99056.0
7264, 178.95, 45.2, 11.0, 190991.2, 22.02, 70.2, 99071.0
7265, 178.8, 44.97, 11.0, 189788.5, 22.04, 70.21000000000001, 99072.0
7266, 178.69, 44.74, 11.0, 188585.8, 22.05, 70.22, 99073.0
7267, 178.54, 44.51, 11.0, 187383.0, 22.06, 70.23, 99074.0
7268, 178.46, 44.28, 11.25, 191532.0, 22.06, 70.225, 99070.5
7269, 178.59, 44.05, 11.5, 195681.0, 22.07, 70.22, 99067.0
7270, 179.2, 43.82, 11.75, 199830.0, 22.07, 70.215, 99063.5
7271, 179.82, 43.59, 12.0, 203979.0, 22.08, 70.21, 99060.0
7272, 180.49, 43.36, 12.0, 200071.0, 22.1, 70.19999999999999, 99053.5
7273, 181.22, 43.13, 12.0, 196163.0, 22.12, 70.19, 99047.0
7274, 181.99, 42.9, 12.0, 192255.0, 22.15, 70.18, 99040.5
7275, 182.88, 42.79, 12.0, 188347.0, 22.17, 70.17, 99034.0
7276, 183.74, 42.68, 12.125, 189477.5, 22.22, 70.14750000000001, 99025.25
7277, 184.65, 42.57, 12.25, 190608.0, 22.27, 70.125, 99016.5
7278, 185.62, 42.46, 12.375, 191738.5, 22.33, 70.10249999999999, 99007.75
7279, 185.9, 42.35, 12.5, 192869.0, 22.38, 70.08, 98999.0
7280, 186.11, 42.24, 12.375, 191364.5, 22.43, 70.0125, 98994.75
7281, 186.4, 42.13, 12.25, 189860.0, 22.48, 69.945, 98990.5
7282, 186.7, 42.02, 12.125, 188355.5, 22.53, 69.8775, 98986.25
7283, 187.06, 41.91, 12.0, 186851.0, 22.58, 69.81, 98982.0
7284, 187.22, 41.8, 12.25, 186460.0, 22.6, 69.7325, 98977.75
7285, 187.28, 41.23, 12.5, 186069.0, 22.62, 69.655, 98973.5
7286, 187.36, 40.66, 12.75, 185678.0, 22.64, 69.5775, 98969.25
7287, 187.69, 40.09, 13.0, 185287.0, 22.66, 69.5, 98965.0
7288, 187.75, 39.52, 13.0, 186624.5, 22.71, 69.4225, 98967.0
7289, 187.62, 38.95, 13.0, 187962.0, 22.76, 69.345, 98969.0
7290, 187.55, 38.38, 13.0, 189299.5, 22.8, 69.2675, 98971.0
7291, 187.45, 37.81, 13.0, 190637.0, 22.85, 69.19, 98973.0
7292, 187.28, 37.24, 13.25, 189453.2, 22.9, 69.0975, 98973.5
7293, 187.07, 36.67, 13.5, 188269.5, 22.95, 69.005, 98974.0
7294, 186.89, 36.1, 13.75, 187085.8, 23.0, 68.9125, 98974.5
7295, 186.83, 36.44, 14.0, 185902.0, 23.05, 68.82, 98975.0
7296, 186.8, 36.78, 14.0, 186621.2, 23.07, 68.71, 98974.0
7297, 186.69, 37.12, 14.0, 187340.5, 23.1, 68.6, 98973.0
7298, 186.66, 37.46, 14.0, 188059.8, 23.12, 68.49, 98972.0
7299, 186.72, 37.8, 14.0, 188779.0, 23.15, 68.38, 98971.0
7300, 186.81, 38.14, 14.375, 188996.5, 23.17, 68.27, 98970.5
7301, 186.87, 38.48, 14.75, 189214.0, 23.19, 68.16, 98970.0
7302, 187.02, 38.82, 15.125, 189431.5, 23.21, 68.05, 98969.5
7303, 187.17, 39.16, 15.5, 189649.0, 23.23, 67.94, 98969.0
7304, 187.25, 39.5, 15.5, 189377.5, 23.25, 67.87, 98969.5
7305, 187.31, 39.96, 15.5, 189106.0, 23.26, 67.8, 98970.0
7306, 187.3, 40.42, 15.5, 188834.5, 23.27, 67.72999999999999, 98970.5
7307, 187.32, 40.88, 15.5, 188563.0, 23.29, 67.66, 98971.0
7308, 187.33, 41.34, 15.625, 190124.5, 23.3, 67.58, 98970.75
7309, 187.34, 41.8, 15.75, 191686.0, 23.31, 67.5, 98970.5
7310, 187.37, 42.26, 15.875, 193247.5, 23.32, 67.42, 98970.25
7311, 187.28, 42.72, 16.0, 194809.0, 23.33, 67.34, 98970.0
7312, 187.22, 43.18, 15.875, 192766.5, 23.34, 67.2625, 98967.75
7313, 187.16, 43.64, 15.75, 190724.0, 23.34, 67.185, 98965.5
7314, 187.14, 44.1, 15.625, 188681.5, 23.35, 67.1075, 98963.25
7315, 187.07, 45.23, 15.5, 186639.0, 23.36, 67.03, 98961.0
7316, 187.01, 46.36, 15.5, 187120.0, 23.36, 66.9725, 98962.0
7317, 186.89, 47.49, 15.5, 187601.0, 23.36, 66.91499999999999, 98963.0
7318, 186.8, 48.62, 15.5, 188082.0, 23.35, 66.8575, 98964.0
7319, 186.73, 49.75, 15.5, 188563.0, 23.35, 66.8, 98965.0
7320, 186.69, 50.88, 15.125, 189219.8, 23.34, 66.7525, 98965.5
7321, 186.61, 52.01, 14.75, 189876.5, 23.34, 66.705, 98966.0
7322, 186.53, 53.14, 14.375, 190533.2, 23.34, 66.6575, 98966.5
7323, 186.51, 54.27, 14.0, 191190.0, 23.33, 66.61, 98967.0
7324, 186.41, 55.4, 13.875, 191723.0, 23.32, 66.5775, 98967.0
7325, 186.34, 54.61, 13.75, 192256.0, 23.31, 66.545, 98967.0
7326, 186.34, 53.82, 13.625, 192789.0, 23.31, 66.5125, 98967.0
7327, 186.31, 53.03, 13.5, 193322.0, 23.3, 66.48, 98967.0
7328, 186.22, 52.24, 13.625, 192900.2, 23.29, 66.4625, 98965.25
7329, 186.13, 51.45, 13.75, 192478.5, 23.28, 66.445, 98963.5
7330, 186.09, 50.66, 13.875, 192056.8, 23.27, 66.4275, 98961.75
7331, 186.04, 49.87, 14.0, 191635.0, 23.26, 66.41, 98960.0
7332, 186.05, 49.08, 14.0, 191083.8, 23.26, 66.3975, 98960.75
7333, 186.03, 48.29, 14.0, 190532.5, 23.25, 66.38499999999999, 98961.5
7334, 185.96, 47.5, 14.0, 189981.2, 23.24, 66.3725, 98962.25
7335, 185.9, 47.72, 14.0, 189430.0, 23.24, 66.36, 98963.0
7336, 185.88, 47.94, 14.0, 190803.5, 23.24, 66.3475, 98963.5
7337, 185.87, 48.16, 14.0, 192177.0, 23.25, 66.33500000000001, 98964.0
7338, 185.86, 48.38, 14.0, 193550.5, 23.26, 66.3225, 98964.5
7339, 185.85, 48.6, 14.0, 194924.0, 23.26, 66.31, 98965.0
7340, 185.9, 48.82, 13.75, 194751.5, 23.26, 66.285, 98965.75
7341, 185.95, 49.04, 13.5, 194579.0, 23.27, 66.25999999999999, 98966.5
7342, 185.99, 49.26, 13.25, 194406.5, 23.27, 66.235, 98967.25
7343, 186.04, 49.48, 13.0, 194234.0, 23.27, 66.21, 98968.0
7344, 186.05, 49.7, 13.0, 195019.8, 23.27, 66.1925, 98968.25
7345, 186.15, 48.12, 13.0, 195805.5, 23.27, 66.175, 98968.5
7346, 186.16, 46.54, 13.0, 196591.2, 23.27, 66.1575, 98968.75
7347, 186.2, 44.96, 13.0, 197377.0, 23.27, 66.14, 98969.0
7348, 186.29, 43.38, 13.125, 196165.5, 23.27, 66.1275, 98968.5
7349, 186.29, 41.8, 13.25, 194954.0, 23.27, 66.11500000000001, 98968.0
7350, 186.29, 40.22, 13.375, 193742.5, 23.28, 66.1025, 98967.5
7351, 186.28, 38.64, 13.5, 192531.0, 23.28, 66.09, 98967.0
7352, 186.27, 37.06, 13.25, 192757.2, 23.29, 66.075, 98967.0
7353, 186.21, 35.48, 13.0, 192983.5, 23.3, 66.06, 98967.0
7354, 186.19, 33.9, 12.75, 193209.8, 23.32, 66.045, 98967.0
7355, 186.2, 35.48, 12.5, 193436.0, 23.33, 66.03, 98967.0
7356, 186.18, 37.06, 12.5, 194127.2, 23.34, 66.0075, 98967.0
7357, 186.11, 38.64, 12.5, 194818.5, 23.35, 65.985, 98967.0
7358, 186.09, 40.22, 12.5, 195509.8, 23.36, 65.9625, 98967.0
7359, 186.06, 41.8, 12.5, 196201.0, 23.37, 65.94, 98967.0
7360, 186.13, 43.38, 12.5, 195652.2, 23.37, 65.905, 98965.0
7361, 186.24, 44.96, 12.5, 195103.5, 23.37, 65.87, 98963.0
7362, 186.57, 46.54, 12.5, 194554.8, 23.36, 65.835, 98961.0
7363, 186.79, 48.12, 12.5, 194006.0, 23.36, 65.8, 98959.0
7364, 187.08, 49.7, 12.625, 194091.8, 23.36, 65.78, 98956.0
7365, 187.35, 48.91, 12.75, 194177.5, 23.37, 65.75999999999999, 98953.0
7366, 187.65, 48.12, 12.875, 194263.2, 23.37, 65.74, 98950.0
7367, 187.97, 47.33, 13.0, 194349.0, 23.37, 65.72, 98947.0
7368, 188.18, 46.54, 13.125, 194234.5, 23.37, 65.7025, 98943.5
7369, 188.47, 45.75, 13.25, 194120.0, 23.37, 65.685, 98940.0
7370, 188.76, 44.96, 13.375, 194005.5, 23.37, 65.6675, 98936.5
7371, 189.15, 44.17, 13.5, 193891.0, 23.37, 65.65, 98933.0
7372, 189.51, 43.38, 13.5, 194851.5, 23.38, 65.64, 98930.75
7373, 189.8, 42.59, 13.5, 195812.0, 23.38, 65.63, 98928.5
7374, 190.06, 41.8, 13.5, 196772.5, 23.39, 65.62, 98926.25
7375, 190.47, 42.48, 13.5, 197733.0, 23.4, 65.61, 98924.0
7376, 190.77, 43.16, 13.75, 197117.5, 23.41, 65.5925, 98921.0
7377, 191.26, 43.84, 14.0, 196502.0, 23.42, 65.575, 98918.0
7378, 191.59, 44.52, 14.25, 195886.5, 23.43, 65.5575, 98915.0
