Code vs/Code vs/Data/staqs-O3-PM25-MET_DRONE_20230817_R0.ict
39,  1001 
Newchurch,  Mike
The University of Alabama in Huntsville
0-120m AGL Drone Profiles
NASA Synergystic TEMPO Air Quality Science (STAQS)
1,  1 
2023,  08,  17,  2023,  12,  12 
1
Time_Start,  UTC,  seconds from start of day
7
1,  1,  1,  1,  1,  1,  1
-99999,  -99999,  -99999,  -99999,  -99999,  -99999,  -99999
Altitude,  m,  Platform_Altitude_GPS_metersmsl
O3,  ppbv,  Gas_Ozone_InSitu_ppbv
PM25,  ug/m^3,  Met_ParticulateMatter<2.5micron_InSitu_ug/m^3
VOC_experimental,  ohms,  Gas_VOC_InSitu_ohms
Temperature,  degreesC,  Met_Temperature_InSitu_degreesC
RH,  percent,  Met_RelativeHumidity_InSitu_percent
Pressure,  Pa,  Met_Pressure_InSitu_pa
0
18
PI_CONTACT_INFO: Address: Mike.Newchurch@uah.edu
PLATFORM: BlueHalo E900 UAV
LOCATION: 42.505 ,  -87.809 ,  180 m altitude AMSL
ASSOCIATED_DATA: N/A
INSTRUMENT_INFO: Ozone; 2B Model 205,  PM2.5; Plantower PMS5003; Temperature,  Pressure,  Humidity,  VOC; BME680
DATA_INFO: N/A
UNCERTAINTY: ~5%
ULOD_FLAG: -77777
ULOD_VALUE: N/A
LLOD_FLAG: -88888
LLOD_VALUE: N/A
DM_CONTACT_INFO: Darby Stevenson (The University of Alabama in Huntsville,  email: <dps001 @uah.edu>)
PROJECT_INFO: STAQS 2023; https://www-air.larc.nasa.gov/missions/staqs/index.html
STIPULATIONS_ON_USE:  Please consult PI prior to use/publication. Use of data should include an offer of co-authorship on any manuscript to PI and DM. 
OTHER_COMMENTS: N/A
REVISION: R0
R0: Final Data
Time_Start,  Altitude,  O3,  PM25,  VOC_experimental,  Temperature,  RH,  Pressure
[from data line 4437]
7897, 270.35, 38.5, 11.5, 212125.0, 23.92, 61.99, 98007.0
7898, 270.09, 39.3, 11.25, 211920.0, 23.93, 61.99, 98009.5
7899, 269.71, 40.1, 11.0, 211715.0, 23.93, 61.99, 98012.0
7900, 269.54, 40.9, 11.0, 211176.2, 23.93, 61.995000000000005, 98016.75
7901, 269.11, 41.7, 11.0, 210637.5, 23.92, 62.0, 98021.5
7902, 268.73, 42.5, 11.0, 210098.8, 23.91, 62.005, 98026.25
7903, 268.49, 43.3, 11.0, 209560.0, 23.91, 62.01, 98031.0
7904, 268.27, 44.1, 10.5, 209460.0, 23.91, 62.015, 98033.25
7905, 268.04, 44.89, 10.0, 209360.0, 23.91, 62.02, 98035.5
7906, 267.81, 45.68, 9.5, 209260.0, 23.91, 62.025, 98037.75
7907, 267.56, 46.47, 9.0, 209160.0, 23.91, 62.03, 98040.0
7908, 267.24, 47.26, 9.125, 208895.8, 23.91, 62.0375, 98048.25
7909, 267.02, 48.05, 9.25, 208631.5, 23.9, 62.045, 98056.5
7910, 266.7, 48.84, 9.375, 208367.2, 23.89, 62.0525, 98064.75
7911, 266.39, 49.63, 9.5, 208103.0, 23.89, 62.06, 98073.0
7912, 266.22, 50.42, 9.875, 208567.2, 23.88, 62.075, 98074.5
7913, 265.74, 51.21, 10.25, 209031.5, 23.88, 62.09, 98076.0
7914, 265.44, 52.0, 10.625, 209495.8, 23.87, 62.105, 98077.5
7915, 265.6, 50.64, 11.0, 209960.0, 23.86, 62.12, 98079.0
7916, 265.73, 49.28, 11.0, 209826.5, 23.86, 62.1275, 98080.5
7917, 265.58, 47.92, 11.0, 209693.0, 23.87, 62.135, 98082.0
7918, 265.28, 46.56, 11.0, 209559.5, 23.87, 62.1425, 98083.5
7919, 265.01, 45.2, 11.0, 209426.0, 23.87, 62.15, 98085.0
7920, 264.69, 43.84, 11.0, 210583.0, 23.88, 62.16, 98088.75
7921, 264.59, 42.48, 11.0, 211740.0, 23.89, 62.17, 98092.5
7922, 264.13, 41.12, 11.0, 212897.0, 23.9, 62.18, 98096.25
7923, 263.81, 39.76, 11.0, 214054.0, 23.91, 62.19, 98100.0
7924, 263.4, 38.4, 11.125, 212997.2, 23.92, 62.185, 98103.5
7925, 263.0, 38.85, 11.25, 211940.5, 23.93, 62.18, 98107.0
7926, 262.68, 39.3, 11.375, 210883.8, 23.94, 62.175, 98110.5
7927, 262.26, 39.75, 11.5, 209827.0, 23.95, 62.17, 98114.0
7928, 261.84, 40.2, 11.75, 209167.0, 23.96, 62.1575, 98116.0
7929, 261.64, 40.65, 12.0, 208507.0, 23.98, 62.145, 98118.0
7930, 261.32, 41.1, 12.25, 207847.0, 23.99, 62.1325, 98120.0
7931, 260.94, 41.55, 12.5, 207187.0, 24.0, 62.12, 98122.0
7932, 260.69, 42.0, 12.5, 207481.8, 24.0, 62.105, 98125.5
7933, 260.42, 42.45, 12.5, 207776.5, 24.01, 62.09, 98129.0
7934, 260.19, 42.9, 12.5, 208071.2, 24.01, 62.075, 98132.5
7935, 259.95, 42.45, 12.5, 208366.0, 24.01, 62.06, 98136.0
7936, 259.5, 42.0, 12.125, 208798.0, 24.02, 62.0475, 98141.5
7937, 259.3, 41.55, 11.75, 209230.0, 24.02, 62.035, 98147.0
7938, 258.89, 41.1, 11.375, 209662.0, 24.03, 62.0225, 98152.5
7939, 258.71, 40.65, 11.0, 210094.0, 24.04, 62.01, 98158.0
7940, 258.29, 40.2, 11.125, 210296.0, 24.04, 61.9975, 98161.5
7941, 258.19, 39.75, 11.25, 210498.0, 24.04, 61.985, 98165.0
7942, 257.9, 39.3, 11.375, 210700.0, 24.04, 61.9725, 98168.5
7943, 257.63, 38.85, 11.5, 210902.0, 24.04, 61.96, 98172.0
7944, 257.36, 38.4, 11.625, 210767.2, 24.04, 61.9525, 98173.25
7945, 256.91, 38.17, 11.75, 210632.5, 24.04, 61.945, 98174.5
7946, 256.62, 37.94, 11.875, 210497.8, 24.03, 61.9375, 98175.75
7947, 256.25, 37.71, 12.0, 210363.0, 24.03, 61.93, 98177.0
7948, 255.97, 37.48, 12.125, 209765.2, 24.03, 61.935, 98179.0
7949, 255.73, 37.25, 12.25, 209167.5, 24.04, 61.940000000000005, 98181.0
7950, 255.39, 37.02, 12.375, 208569.8, 24.04, 61.94500000000001, 98183.0
7951, 255.12, 36.79, 12.5, 207972.0, 24.04, 61.95000000000001, 98185.0
7952, 254.76, 36.56, 12.125, 208169.8, 24.04, 61.94500000000001, 98190.75
7953, 254.5, 36.33, 11.75, 208367.5, 24.04, 61.940000000000005, 98196.5
7954, 254.14, 36.1, 11.375, 208565.2, 24.03, 61.935, 98202.25
7955, 253.88, 35.88, 11.0, 208763.0, 24.03, 61.93, 98208.0
7956, 253.62, 35.66, 11.0, 208829.2, 24.03, 61.9225, 98209.0
7957, 253.37, 35.44, 11.0, 208895.5, 24.03, 61.915, 98210.0
7958, 253.05, 35.22, 11.0, 208961.8, 24.03, 61.9075, 98211.0
7959, 252.78, 35.0, 11.0, 209028.0, 24.03, 61.9, 98212.0
7960, 252.38, 34.78, 11.25, 209564.0, 24.04, 61.9075, 98217.25
7961, 252.17, 34.56, 11.5, 210100.0, 24.04, 61.915, 98222.5
7962, 251.86, 34.34, 11.75, 210636.0, 24.05, 61.9225, 98227.75
7963, 251.48, 34.12, 12.0, 211172.0, 24.05, 61.93, 98233.0
7964, 251.31, 33.9, 12.0, 210702.2, 24.05, 61.925, 98236.25
7965, 251.03, 34.58, 12.0, 210232.5, 24.06, 61.92, 98239.5
7966, 250.87, 35.26, 12.0, 209762.8, 24.07, 61.915, 98242.75
7967, 250.45, 35.94, 12.0, 209293.0, 24.07, 61.91, 98246.0
7968, 250.22, 36.62, 11.75, 209359.8, 24.07, 61.905, 98250.75
7969, 249.88, 37.3, 11.5, 209426.5, 24.07, 61.9, 98255.5
7970, 249.59, 37.98, 11.25, 209493.2, 24.06, 61.895, 98260.25
7971, 249.32, 38.66, 11.0, 209560.0, 24.06, 61.89, 98265.0
7972, 249.11, 39.34, 11.125, 208966.8, 24.05, 61.8875, 98267.5
7973, 248.86, 40.02, 11.25, 208373.5, 24.05, 61.885000000000005, 98270.0
7974, 248.69, 40.7, 11.375, 207780.2, 24.04, 61.8825, 98272.5
7975, 248.22, 41.26, 11.5, 207187.0, 24.04, 61.88, 98275.0
7976, 248.05, 41.82, 11.375, 206638.8, 24.04, 61.885000000000005, 98278.0
7977, 247.73, 42.38, 11.25, 206090.5, 24.03, 61.89, 98281.0
7978, 247.39, 42.94, 11.125, 205542.2, 24.02, 61.895, 98284.0
7979, 247.11, 43.5, 11.0, 204994.0, 24.02, 61.9, 98287.0
7980, 247.02, 44.06, 10.875, 206606.2, 24.01, 61.9125, 98288.75
7981, 246.73, 44.62, 10.75, 208218.5, 24.0, 61.925, 98290.5
7982, 246.49, 45.18, 10.625, 209830.8, 24.0, 61.9375, 98292.25
7983, 246.16, 45.74, 10.5, 211443.0, 23.99, 61.95, 98294.0
7984, 245.84, 46.3, 10.375, 210641.0, 23.99, 61.965, 98297.5
7985, 245.63, 45.51, 10.25, 209839.0, 23.99, 61.98, 98301.0
7986, 245.25, 44.72, 10.125, 209037.0, 24.0, 61.995, 98304.5
7987, 245.01, 43.93, 10.0, 208235.0, 24.0, 62.01, 98308.0
7988, 244.77, 43.14, 10.125, 208599.5, 24.0, 62.0125, 98307.5
7989, 244.37, 42.35, 10.25, 208964.0, 24.01, 62.015, 98307.0
7990, 244.23, 41.56, 10.375, 209328.5, 24.02, 62.0175, 98306.5
7991, 243.92, 40.77, 10.5, 209693.0, 24.02, 62.02, 98306.0
7992, 243.59, 39.98, 10.5625, 209066.5, 24.02, 62.0125, 98311.25
7993, 243.26, 39.19, 10.625, 208440.0, 24.02, 62.005, 98316.5
7994, 242.94, 38.4, 10.6875, 207813.5, 24.03, 61.9975, 98321.75
7995, 242.66, 39.31, 10.75, 207187.0, 24.03, 61.99, 98327.0
7996, 242.43, 40.22, 10.6875, 207154.2, 24.04, 61.99, 98333.0
7997, 242.16, 41.13, 10.625, 207121.5, 24.04, 61.99, 98339.0
7998, 241.81, 42.04, 10.5625, 207088.8, 24.05, 61.99, 98345.0
7999, 241.59, 42.95, 10.5, 207056.0, 24.05, 61.99, 98351.0
8000, 241.25, 43.86, 10.375, 207154.0, 24.05, 61.985, 98354.0
8001, 240.96, 44.77, 10.25, 207252.0, 24.05, 61.98, 98357.0
8002, 240.71, 45.68, 10.125, 207350.0, 24.06, 61.975, 98360.0
8003, 240.26, 46.59, 10.0, 207448.0, 24.06, 61.97, 98363.0
8004, 239.91, 47.5, 9.875, 207317.5, 24.06, 61.9675, 98367.0
8005, 239.77, 46.25, 9.75, 207187.0, 24.05, 61.965, 98371.0
8006, 239.37, 45.0, 9.625, 207056.5, 24.05, 61.9625, 98375.0
8007, 238.98, 43.75, 9.5, 206926.0, 24.05, 61.96, 98379.0
8008, 238.56, 42.5, 9.5, 208191.5, 24.05, 61.9625, 98382.5
8009, 238.36, 41.25, 9.5, 209457.0, 24.05, 61.965, 98386.0
8010, 238.02, 40.0, 9.5, 210722.5, 24.05, 61.9675, 98389.5
8011, 237.85, 38.75, 9.5, 211988.0, 24.05, 61.97, 98393.0
8012, 237.4, 37.5, 9.625, 210918.2, 24.05, 61.9725, 98396.0
8013, 237.09, 36.25, 9.75, 209848.5, 24.05, 61.975, 98399.0
8014, 236.67, 35.0, 9.875, 208778.8, 24.04, 61.9775, 98402.0
8015, 236.31, 36.36, 10.0, 207709.0, 24.04, 61.98, 98405.0
8016, 236.06, 37.72, 10.0, 207190.2, 24.04, 61.9825, 98410.5
8017, 235.71, 39.08, 10.0, 206671.5, 24.04, 61.985, 98416.0
8018, 235.38, 40.44, 10.0, 206152.8, 24.04, 61.9875, 98421.5
8019, 235.21, 41.8, 10.0, 205634.0, 24.04, 61.99, 98427.0
8020, 234.73, 43.16, 10.25, 206022.2, 24.04, 61.99, 98427.5
8021, 234.46, 44.52, 10.5, 206410.5, 24.04, 61.99, 98428.0
8022, 234.23, 45.88, 10.75, 206798.8, 24.03, 61.99, 98428.5
8023, 233.81, 47.24, 11.0, 207187.0, 24.03, 61.99, 98429.0
8024, 233.53, 48.6, 11.25, 207057.0, 24.03, 62.0025, 98433.5
8025, 233.22, 48.26, 11.5, 206927.0, 24.03, 62.015, 98438.0
8026, 232.88, 47.92, 11.75, 206797.0, 24.03, 62.0275, 98442.5
8027, 232.63, 47.58, 12.0, 206667.0, 24.03, 62.04, 98447.0
8028, 232.18, 47.24, 11.875, 208134.0, 24.03, 62.045, 98449.75
8029, 231.81, 46.9, 11.75, 209601.0, 24.02, 62.05, 98452.5
8030, 231.39, 46.56, 11.625, 211068.0, 24.02, 62.055, 98455.25
8031, 231.0, 46.22, 11.5, 212535.0, 24.02, 62.06, 98458.0
8032, 230.76, 45.88, 11.375, 211132.8, 24.02, 62.0625, 98460.25
8033, 230.4, 45.54, 11.25, 209730.5, 24.02, 62.065, 98462.5
8034, 230.12, 45.2, 11.125, 208328.2, 24.03, 62.0675, 98464.75
8035, 229.87, 44.75, 11.0, 206926.0, 24.03, 62.07, 98467.0
8036, 229.62, 44.3, 11.0, 206699.5, 24.03, 62.065, 98471.0
8037, 229.36, 43.85, 11.0, 206473.0, 24.03, 62.06, 98475.0
8038, 229.15, 43.4, 11.0, 206246.5, 24.03, 62.055, 98479.0
8039, 228.84, 42.95, 11.0, 206020.0, 24.03, 62.05, 98483.0
8040, 228.54, 42.5, 11.25, 206246.5, 24.03, 62.055, 98487.75
8041, 228.38, 42.05, 11.5, 206473.0, 24.02, 62.06, 98492.5
8042, 227.96, 41.6, 11.75, 206699.5, 24.02, 62.065, 98497.25
8043, 227.61, 41.15, 12.0, 206926.0, 24.02, 62.07, 98502.0
8044, 227.37, 40.7, 11.875, 206731.8, 24.01, 62.085, 98504.25
8045, 226.8, 39.79, 11.75, 206537.5, 24.0, 62.1, 98506.5
8046, 226.55, 38.88, 11.625, 206343.2, 23.99, 62.115, 98508.75
8047, 226.23, 37.97, 11.5, 206149.0, 23.98, 62.13, 98511.0
8048, 225.72, 37.06, 11.25, 207337.2, 23.97, 62.1375, 98514.25
8049, 225.41, 36.15, 11.0, 208525.5, 23.95, 62.145, 98517.5
8050, 224.94, 35.24, 10.75, 209713.8, 23.94, 62.1525, 98520.75
8051, 224.78, 34.33, 10.5, 210902.0, 23.93, 62.16, 98524.0
8052, 224.65, 33.42, 10.5, 209973.2, 23.93, 62.19499999999999, 98525.0
8053, 224.45, 32.51, 10.5, 209044.5, 23.92, 62.23, 98526.0
8054, 223.97, 31.6, 10.5, 208115.8, 23.91, 62.265, 98527.0
8055, 223.62, 33.75, 10.5, 207187.0, 23.91, 62.3, 98528.0
8056, 223.37, 35.9, 10.75, 206863.0, 23.92, 62.3125, 98533.25
8057, 223.04, 38.05, 11.0, 206539.0, 23.93, 62.325, 98538.5
8058, 222.73, 40.2, 11.25, 206215.0, 23.93, 62.3375, 98543.75
8059, 222.38, 42.35, 11.5, 205891.0, 23.94, 62.35, 98549.0
8060, 222.04, 44.5, 11.5, 205635.0, 23.94, 62.3525, 98551.5
8061, 221.63, 46.65, 11.5, 205379.0, 23.93, 62.355, 98554.0
8062, 221.28, 48.8, 11.5, 205123.0, 23.93, 62.3575, 98556.5
8063, 221.1, 50.95, 11.5, 204867.0, 23.93, 62.35999999999999, 98559.0
8064, 220.8, 53.1, 11.4375, 205381.8, 23.93, 62.36999999999999, 98562.5
8065, 220.37, 51.97, 11.375, 205896.5, 23.92, 62.38, 98566.0
8066, 220.22, 50.84, 11.3125, 206411.2, 23.92, 62.39, 98569.5
8067, 219.9, 49.71, 11.25, 206926.0, 23.92, 62.4, 98573.0
8068, 219.7, 48.58, 11.1875, 209058.2, 23.94, 62.4025, 98573.5
8069, 219.3, 47.45, 11.125, 211190.5, 23.97, 62.405, 98574.0
8070, 218.98, 46.32, 11.0625, 213322.8, 23.99, 62.4075, 98574.5
8071, 218.68, 45.19, 11.0, 215455.0, 24.01, 62.41, 98575.0
8072, 218.41, 44.06, 11.25, 213748.8, 24.03, 62.39, 98577.75
8073, 217.96, 42.93, 11.5, 212042.5, 24.04, 62.37, 98580.5
8074, 217.75, 41.8, 11.75, 210336.2, 24.05, 62.35, 98583.25
8075, 217.39, 42.82, 12.0, 208630.0, 24.07, 62.33, 98586.0
8076, 217.09, 43.84, 12.25, 208862.5, 24.08, 62.3025, 98589.75
8077, 216.86, 44.86, 12.5, 209095.0, 24.09, 62.275, 98593.5
8078, 216.59, 45.88, 12.75, 209327.5, 24.11, 62.2475, 98597.25
8079, 216.24, 46.9, 13.0, 209560.0, 24.12, 62.22, 98601.0
8080, 216.02, 47.92, 12.875, 208804.2, 24.13, 62.1925, 98605.5
8081, 215.72, 48.94, 12.75, 208048.5, 24.13, 62.165, 98610.0
8082, 215.47, 49.96, 12.625, 207292.8, 24.14, 62.1375, 98614.5
8083, 215.21, 50.98, 12.5, 206537.0, 24.15, 62.11, 98619.0
8084, 215.05, 52.0, 12.375, 206994.2, 24.15, 62.0975, 98621.25
8085, 214.8, 50.41, 12.25, 207451.5, 24.16, 62.085, 98623.5
8086, 214.46, 48.82, 12.125, 207908.8, 24.16, 62.072500000000005, 98625.75
8087, 214.16, 47.23, 12.0, 208366.0, 24.16, 62.06, 98628.0
8088, 213.8, 45.64, 12.125, 209511.2, 24.17, 62.05, 98633.0
8089, 213.62, 44.05, 12.25, 210656.5, 24.18, 62.040000000000006, 98638.0
8090, 213.34, 42.46, 12.375, 211801.8, 24.18, 62.03, 98643.0
8091, 212.88, 40.87, 12.5, 212947.0, 24.19, 62.02, 98648.0
8092, 212.6, 39.28, 12.25, 211572.2, 24.21, 62.0, 98652.75
8093, 212.3, 37.69, 12.0, 210197.5, 24.22, 61.98, 98657.5
8094, 211.69, 36.1, 11.75, 208822.8, 24.23, 61.96, 98662.25
8095, 211.41, 36.33, 11.5, 207448.0, 24.25, 61.94, 98667.0
8096, 211.19, 36.56, 11.625, 208109.5, 24.25, 61.9175, 98670.25
8097, 210.99, 36.79, 11.75, 208771.0, 24.26, 61.895, 98673.5
8098, 210.58, 37.02, 11.875, 209432.5, 24.26, 61.8725, 98676.75
8099, 210.28, 37.25, 12.0, 210094.0, 24.26, 61.85, 98680.0
8100, 210.08, 37.48, 11.875, 208819.0, 24.26, 61.8325, 98685.25
8101, 209.89, 37.71, 11.75, 207544.0, 24.27, 61.815, 98690.5
8102, 209.64, 37.94, 11.625, 206269.0, 24.27, 61.7975, 98695.75
8103, 209.28, 38.17, 11.5, 204994.0, 24.27, 61.78, 98701.0
8104, 208.78, 38.4, 11.5, 205218.2, 24.26, 61.7675, 98705.0
8105, 208.5, 39.08, 11.5, 205442.5, 24.25, 61.755, 98709.0
8106, 208.37, 39.76, 11.5, 205666.8, 24.24, 61.7425, 98713.0
8107, 208.05, 40.44, 11.5, 205891.0, 24.23, 61.73, 98717.0
8108, 207.72, 41.12, 11.125, 207042.5, 24.23, 61.74, 98720.75
8109, 207.39, 41.8, 10.75, 208194.0, 24.23, 61.75, 98724.5
8110, 207.24, 42.48, 10.375, 209345.5, 24.22, 61.760000000000005, 98728.25
8111, 206.91, 43.16, 10.0, 210497.0, 24.22, 61.77, 98732.0
8112, 206.66, 43.84, 10.125, 209702.0, 24.21, 61.7725, 98734.75
8113, 206.59, 44.52, 10.25, 208907.0, 24.21, 61.775000000000006, 98737.5
8114, 206.26, 45.2, 10.375, 208112.0, 24.2, 61.7775, 98740.25
8115, 205.87, 45.2, 10.5, 207317.0, 24.2, 61.78, 98743.0
8116, 205.54, 45.2, 10.5, 208044.8, 24.2, 61.7875, 98745.5
8117, 205.25, 45.2, 10.5, 208772.5, 24.19, 61.795, 98748.0
8118, 204.92, 45.2, 10.5, 209500.2, 24.18, 61.8025, 98750.5
8119, 204.66, 45.2, 10.5, 210228.0, 24.18, 61.81, 98753.0
8120, 204.21, 45.2, 10.125, 208476.8, 24.18, 61.815, 98757.5
8121, 203.99, 45.2, 9.75, 206725.5, 24.19, 61.82, 98762.0
8122, 203.75, 45.2, 9.375, 204974.2, 24.19, 61.825, 98766.5
8123, 203.36, 45.2, 9.0, 203223.0, 24.19, 61.83, 98771.0
8124, 203.21, 45.2, 9.125, 203858.0, 24.18, 61.835, 98772.75
8125, 202.94, 44.97, 9.25, 204493.0, 24.18, 61.84, 98774.5
8126, 202.62, 44.74, 9.375, 205128.0, 24.17, 61.845, 98776.25
8127, 202.34, 44.51, 9.5, 205763.0, 24.16, 61.85, 98778.0
8128, 202.04, 44.28, 9.25, 206579.2, 24.16, 61.870000000000005, 98780.75
8129, 201.87, 44.05, 9.0, 207395.5, 24.16, 61.89, 98783.5
8130, 201.55, 43.82, 8.75, 208211.8, 24.15, 61.91, 98786.25
8131, 201.11, 43.59, 8.5, 209028.0, 24.15, 61.93, 98789.0
8132, 200.9, 43.36, 8.5, 207955.8, 24.14, 61.9375, 98793.25
8133, 200.61, 43.13, 8.5, 206883.5, 24.14, 61.945, 98797.5
8134, 200.22, 42.9, 8.5, 205811.2, 24.13, 61.9525, 98801.75
8135, 199.78, 43.02, 8.5, 204739.0, 24.13, 61.96, 98806.0
8136, 199.31, 43.14, 8.4375, 205580.0, 24.12, 61.97, 98809.5
8137, 199.13, 43.26, 8.375, 206421.0, 24.12, 61.98, 98813.0
8138, 198.77, 43.38, 8.3125, 207262.0, 24.11, 61.99, 98816.5
8139, 198.42, 43.5, 8.25, 208103.0, 24.11, 62.0, 98820.0
8140, 198.23, 43.62, 8.0625, 207679.0, 24.11, 62.0075, 98823.75
8141, 197.95, 43.74, 7.875, 207255.0, 24.1, 62.015, 98827.5
8142, 197.64, 43.86, 7.6875, 206831.0, 24.09, 62.0225, 98831.25
8143, 197.28, 43.98, 7.5, 206407.0, 24.09, 62.03, 98835.0
8144, 197.07, 44.1, 7.625, 206504.2, 24.08, 62.05, 98838.5
8145, 196.77, 43.42, 7.75, 206601.5, 24.07, 62.07, 98842.0
8146, 196.42, 42.74, 7.875, 206698.8, 24.07, 62.09, 98845.5
8147, 196.07, 42.06, 8.0, 206796.0, 24.06, 62.11, 98849.0
8148, 195.73, 41.38, 8.125, 206569.8, 24.06, 62.125, 98852.25
8149, 195.42, 40.7, 8.25, 206343.5, 24.06, 62.14, 98855.5
8150, 195.08, 40.02, 8.375, 206117.2, 24.06, 62.155, 98858.75
8151, 194.89, 39.34, 8.5, 205891.0, 24.06, 62.17, 98862.0
8152, 194.56, 38.66, 8.25, 205005.5, 24.05, 62.175, 98865.25
8153, 194.05, 37.98, 8.0, 204120.0, 24.05, 62.18, 98868.5
8154, 193.89, 37.3, 7.75, 203234.5, 24.04, 62.185, 98871.75
8155, 193.6, 38.2, 7.5, 202349.0, 24.03, 62.19, 98875.0
8156, 193.26, 39.1, 7.75, 202883.0, 24.02, 62.21, 98878.0
8157, 192.94, 40.0, 8.0, 203417.0, 24.01, 62.23, 98881.0
