Code vs/Code vs/Data/staqs-Ground-Kenosha-KNSW3_OTHER_20230701_R0_thru20230831.ict
38, 1001
Cleary, P
University of Wisconsin - Eau Claire
NOAA Meteorological Station at Kenosha Harbor Lighthouse KNSW3 operated by National Weather Service Central Region
STAQS 2023
1,1
2023, 07, 1, 2024, 03, 28
0
Time_Start, seconds
6
1, 1, 1, 1, 1, 1
-9999, -9999, -9999, -9999, -9999, -9999
Time_Stop, seconds
WDIR, degrees, Met_wind-direction_Insitu_Kenosha-KNSW3
WSPD, meters/second, Met_wind-speed_Insitu_Kenosha-KNSW3
GST, meters/second, Met_peak-gust-wind-speed_Insitu_Kenosha-KNSW3
PRES, hPa, Met_atmospheric-pressure_Insitu_Kenosha-KNSW3
ATMP, degrees Celsius, Met_air-temperature_Insitu_Kenosha-KNSW3
0
18
PI_CONTACT_INFO: 715-836-5518, UW-Eau Claire, Dept. of Chemistry, 105 Garfield Ave, Eau Claire, WI 54702, clearypa@uwec.edu
PLATFORM: Kenosha Harbor Lighthouse. NOAA Station KNSW3
LOCATION: 42.589 N 87.809 W (42°35'20" N 87°48'31" W) Site elevation: 176 m above mean sea level
ASSOCIATED DATA: Meteorological data to be paired with Kenosha DOAS instrument observations.
INSTRUMENT_INFO: NOAA Meteorological Station at Kenosha Harbor Lighthouse Station KNSW3
DATA_INFO: Units given
UNCERTAINTY: WDIR  +/- 3 degrees, WSPD ±0.3 m/s or 1% of reading, GST  ±0.3 m/s or 1% of reading, PRES ±0.5 mb (@ +20 degrees C), ATMP  ±0.2 degrees C (over 0 to 50 degrees C range)
ULOD_FLAG:-7777, -7777, -7777, -7777, -7777, -7777,
ULOD_VALUE:N/A
LLOD_FLAG:-8888, -8888, -8888, -8888, -8888, -8888,
LLOD_VALUE:N/A
DM_CONTACT_INFO: Patricia Cleary, UW-Eau Claire, clearypa@uwec.edu
PROJECT_INFO: AGES 2023, 1-July 23 to 31-August 23; Kenosha, Wisconsin
STIPULTAIONS_ON_USE: None
OTHER_COMMENTS: None
REVISION: R0
R0: No Comments
Time_Start,Time_Stop,WDIR,WSPD,GST,PRES,ATMP
[from data line 7058]
4234800,4235399,178,2.5,3.3,1015.6,21.3
4235400,4235999,181,2.5,3.3,1015.9,21.1
4236000,4236599,184,2.3,3.5,1015.6,20.9
4236600,4237199,181,2.3,2.8,1015.9,20.8
4237200,4237799,179,1.7,2.6,1015.9,20.7
4237800,4238399,181,2,2.6,1015.9,20.7
4238400,4238999,184,2.2,2.7,1015.9,20.6
4239000,4239599,177,1.8,3,1015.9,20.6
4239600,4240199,173,1.6,2.6,1016.3,20.5
4240200,4240799,179,2,3.1,1016.3,20.5
4240800,4241399,181,2.4,3.1,1016.6,20.6
4241400,4241999,182,2.3,3.4,1016.6,20.6
4242000,4242599,175,2,3.3,1016.6,20.6
4242600,4243199,179,2.3,3.6,1016.6,20.5
4243200,4243799,184,2.3,3.1,1016.6,20.5
4243800,4244399,185,2.3,2.8,1016.9,20.4
4244400,4244999,184,2.2,2.8,1016.9,20.3
4245000,4245599,181,2.5,3.2,1016.6,20.2
4245600,4246199,177,2.1,3.1,1016.6,20.1
4246200,4246799,180,2.3,3.2,1016.6,20.2
4246800,4247399,183,2.2,3,1016.6,20.2
4247400,4247999,180,1.9,3.1,1016.6,20.2
4248000,4248599,179,1.9,3,1016.6,20.1
4248600,4249199,183,2,2.9,1016.6,20.2
4249200,4249799,178,2.4,3.2,1016.3,20.3
4249800,4250399,178,1.9,2.7,1016.6,20.2
4250400,4250999,183,2.2,2.8,1016.3,20.1
4251000,4251599,183,1.9,3,1016.3,20
4251600,4252199,182,2.3,2.9,1016.3,20
4252200,4252799,184,1.9,2.8,1016.3,19.8
4252800,4253399,181,2.2,2.9,1016.3,19.8
4253400,4253999,174,1.5,2.8,1016.3,19.6
4254000,4254599,171,1.5,2.4,1016.3,19.5
4254600,4255199,182,1.7,2.4,1016.3,19.3
4255200,4255799,195,1.6,2.3,1016.3,18.9
4255800,4256399,187,1.8,2.3,1016.3,18.8
4256400,4256999,179,1.6,2.2,1016.6,18.9
4257000,4257599,194,1.5,2.4,1016.6,18.7
4257600,4258199,183,1.8,2.3,1016.6,18.7
4258200,4258799,176,1.6,2.3,1016.6,18.6
4258800,4259399,193,1.3,2.6,1016.6,18.6
4259400,4259999,201,1.8,3,1016.6,18.9
4260000,4260599,199,2,2.7,1016.6,18.9
4260600,4261199,195,2.2,3.6,1016.3,18.9
4261200,4261799,181,1.8,2.6,1016.6,19
4261800,4262399,181,1.9,2.7,1016.6,19
4262400,4262999,181,1.6,2.5,1016.6,18.8
4263000,4263599,194,2,2.7,1016.6,18.7
4263600,4264199,192,1.9,2.7,1016.6,18.7
4264200,4264799,194,1.8,2.8,1016.9,18.5
4264800,4265399,193,1.9,3,1016.9,18.5
4265400,4265999,199,1.9,3.2,1016.9,18.4
4266000,4266599,194,2.2,3.3,1016.9,18.4
4266600,4267199,200,2.5,3.4,1016.9,18.5
4267200,4267799,201,2.3,3.5,1016.9,18.5
4267800,4268399,199,2.6,3.4,1016.9,18.6
4268400,4268999,202,2.6,3.6,1016.9,18.6
4269000,4269599,196,2.5,3.9,1016.9,18.7
4269600,4270199,190,2.5,4,1016.6,18.8
4270200,4270799,195,2.4,3.5,1017.3,18.7
4270800,4271399,196,2.3,3.2,1016.9,18.5
4271400,4271999,197,2.5,3.5,1017.3,18.6
4272000,4272599,196,2.7,3.8,1017.3,18.7
4272600,4273199,199,2.3,4,1017.3,18.7
4273200,4273799,201,2.6,3.6,1017.3,18.6
4273800,4274399,202,2.4,3.6,1017.3,18.5
4274400,4274999,196,2.6,4,1017.3,18.5
4275000,4275599,196,2.2,3.7,1017.3,18.7
4275600,4276199,198,3,4.1,1017.6,19
4276200,4276799,204,2.4,4,1017.6,19.1
4276800,4277399,198,2.8,4.7,1017.6,19.2
4277400,4277999,199,3.1,4.2,1017.3,19.4
4278000,4278599,193,3,4.3,1017.3,19.6
4278600,4279199,190,2.9,4.4,1017.3,19.7
4279200,4279799,188,3.3,4.9,1017.3,19.7
4279800,4280399,190,2.7,4.5,1017.3,19.7
4280400,4280999,192,1.9,4,1017.6,19.8
4281000,4281599,185,2.8,3.7,1017.3,19.8
4281600,4282199,184,2.3,4.2,1017.3,20.1
4282200,4282799,176,3,4.4,1017.3,20.3
4282800,4283399,187,2.8,3.9,1017.3,20.5
4283400,4283999,176,2.2,3.9,1017.3,20.8
4284000,4284599,176,2.2,3.6,1016.9,21.1
4284600,4285199,188,2.8,4.1,1017.3,21.5
4285200,4285799,190,2.8,4.3,1016.9,21.8
4285800,4286399,188,4,5.7,1016.9,21.5
4286400,4286999,183,2.7,4.3,1016.6,21.8
4287000,4287599,181,4.3,5.8,1016.6,21.8
4287600,4288199,173,2.5,4.8,1016.6,22
4288200,4288799,179,3.3,4.4,1016.6,22.1
4288800,4289399,183,2.8,4.9,1016.6,22.3
4289400,4289999,171,2.8,4.1,1016.6,22.7
4290000,4290599,190,2.1,3.8,1016.6,22.8
4290600,4291199,179,2.8,4.1,1016.6,22.4
4291200,4291799,176,2.6,4.2,1016.3,22.5
4291800,4292399,175,3.2,4.9,1016.3,22.6
4292400,4292999,178,3.1,5,1016.3,23.1
4293000,4293599,185,4.2,5.3,1016.3,22.9
4293600,4294199,182,3.4,5.7,1016.3,23.2
4294200,4294799,183,3.2,4.7,1015.9,23.3
4294800,4295399,171,2.5,4.8,1015.9,23.3
4295400,4295999,167,3.2,4.2,1015.6,23.1
4296000,4296599,182,4,5.3,1015.6,23.3
4296600,4297199,164,2.8,5.2,1015.2,23.2
4297200,4297799,145,3.5,4,1015.2,22.3
4297800,4298399,150,4.2,4.6,1014.9,22.2
4298400,4298999,146,4.5,5,1014.9,22.1
4299000,4299599,142,4.4,5.2,1014.9,22.2
4299600,4300199,149,4.7,5,1014.9,22.4
4300200,4300799,147,4.3,5,1014.9,22.2
4300800,4301399,147,4.5,4.9,1014.6,22.2
4301400,4301999,148,4.7,5.4,1014.6,22.4
4302000,4302599,140,4.7,5.7,1014.6,22.5
4302600,4303199,141,5.8,6.2,1014.2,22.1
4303200,4303799,141,5.8,6.4,1014.2,22.2
4303800,4304399,145,5.9,6.4,1013.9,22
4304400,4304999,148,5.5,6.4,1013.5,22.1
4305000,4305599,151,5.7,6.5,1013.5,22.4
4305600,4306199,153,5.5,6.6,1013.5,22.6
4306200,4306799,154,5.5,6.4,1013.5,22.6
4306800,4307399,152,5.3,6.3,1013.2,22.4
4307400,4307999,155,5.1,6.1,1013.2,22.3
4308000,4308599,155,4.9,5.7,1013.2,22.7
4308600,4309199,155,4.8,5.7,1013.2,22.7
4309200,4309799,157,4.7,5.8,1012.9,22.8
4309800,4310399,158,4.7,6,1012.5,22.6
4310400,4310999,152,5.3,6.6,1012.5,22.6
4311000,4311599,154,5.1,6,1012.5,22.7
4311600,4312199,153,5.1,5.8,1012.2,22.7
4312200,4312799,153,5.3,6.4,1012.5,22.7
4312800,4313399,150,5.6,6.4,1012.2,22.7
4313400,4313999,157,4.7,6.2,1012.5,22.7
4314000,4314599,158,4.5,5.2,1012.5,22.7
4314600,4315199,159,4.2,5.3,1012.2,22.7
4315200,4315799,158,4,5.1,1012.5,22.8
4315800,4316399,163,4.1,5.1,1012.5,22.7
4316400,4316999,166,3.2,4.5,1012.5,22.7
4317000,4317599,162,3.2,4.3,1012.5,22.8
4317600,4318199,162,4,4.7,1012.5,22.9
4318200,4318799,163,3.9,4.6,1012.5,22.8
4318800,4319399,160,4.6,5.6,1012.2,22.8
4319400,4319999,161,4.2,5.3,1012.2,22.7
4320000,4320599,163,3.5,4.8,1012.2,22.6
4320600,4321199,162,3.7,4.7,1012.5,22.6
4321200,4321799,161,3.6,4.4,1012.2,22.5
4321800,4322399,162,3.4,4.5,1012.5,22.3
4322400,4322999,169,2.8,3.9,1012.5,22.2
4323000,4323599,162,3.1,3.6,1012.5,22.2
4323600,4324199,164,3.2,3.9,1012.5,22.2
4324200,4324799,167,3,3.7,1012.9,22.2
4324800,4325399,168,3,3.9,1012.9,22.1
4325400,4325999,165,2.9,3.8,1012.9,22.1
4326000,4326599,166,2.7,3.8,1012.9,22
4326600,4327199,167,2.5,3.4,1013.2,22.1
4327200,4327799,165,2.6,3.1,1013.2,22.1
4327800,4328399,169,2.2,3.1,1013.2,22.4
4328400,4328999,174,1.7,2.7,1013.5,22.8
4329000,4329599,177,1.8,2.5,1013.5,23.4
4329600,4330199,173,1.6,2.4,1013.5,23.5
4330200,4330799,178,1.7,2.4,1013.5,23.4
4330800,4331399,178,1.5,2.5,1013.5,23.8
4331400,4331999,181,1.8,2.4,1013.9,23.8
4332000,4332599,184,2.2,2.7,1013.9,24.1
4332600,4333199,181,2,3,1013.9,24
4333200,4333799,179,2,2.7,1013.9,23.9
4333800,4334399,177,1.7,2.5,1013.9,23.8
4334400,4334999,179,1.4,2.3,1013.9,23.8
4335000,4335599,180,1.8,2.5,1013.9,23.7
4335600,4336199,182,1.2,1.9,1014.2,23.4
4336200,4336799,191,1.2,1.9,1014.6,23.6
4336800,4337399,189,1.5,2.1,1014.6,23.6
4337400,4337999,194,1.3,2.1,1014.6,23.5
4338000,4338599,185,1.6,2.2,1014.6,23.5
4338600,4339199,186,1.5,1.9,1014.6,23.4
4339200,4339799,188,1.5,2.1,1014.6,23.4
4339800,4340399,197,1.5,2,1014.6,23.4
4340400,4340999,200,1.4,2.2,1014.6,23.5
4341000,4341599,197,1.8,2.4,1014.2,23.6
4341600,4342199,194,1.9,2.5,1014.2,23.6
4342200,4342799,203,1.7,2.4,1014.2,23.6
4342800,4343399,195,1.9,2.7,1013.9,23.6
4343400,4343999,212,1.6,2.5,1014.2,23.6
4344000,4344599,215,1.7,2.5,1014.2,23.5
4344600,4345199,205,1.4,3.2,1014.2,23.3
4345200,4345799,209,1.4,2.2,1014.2,23.2
4345800,4346399,204,1.6,2.2,1013.9,23
4346400,4346999,197,1.8,2.6,1013.9,23
4347000,4347599,215,2,2.9,1014.2,23
4347600,4348199,222,1.3,3.1,1014.2,23
4348200,4348799,230,1.7,2.8,1014.2,23.1
4348800,4349399,233,1.5,2.2,1014.2,23.1
4349400,4349999,241,1.6,2.4,1014.2,23.1
4350000,4350599,235,1.2,2.3,1014.6,23
4350600,4351199,233,1.8,3.1,1014.6,23
4351200,4351799,235,1.9,2.6,1014.6,23
4351800,4352399,234,1.6,2.8,1014.6,22.9
4352400,4352999,241,1.3,2.4,1014.6,22.9
4353000,4353599,224,0.9,1.9,1014.9,22.8
4353600,4354199,229,1,1.6,1014.9,22.8
4354200,4354799,223,0.7,2.3,1014.9,22.6
4354800,4355399,227,1.2,1.9,1014.9,22.6
4355400,4355999,232,0.9,2,1014.9,22.6
4356000,4356599,232,0.9,1.5,1014.9,22.5
4356600,4357199,233,1.3,1.8,1014.9,22.5
4357200,4357799,228,1.3,1.9,1014.9,22.5
4357800,4358399,214,0.8,1.9,1015.2,22.4
4358400,4358999,217,0.7,1.6,1015.2,22.4
4359000,4359599,239,0.8,1.7,1015.6,22.4
4359600,4360199,237,1.2,1.9,1015.6,22.4
4360200,4360799,221,1.1,2,1015.2,22.3
4360800,4361399,223,1,1.8,1015.6,22.3
4361400,4361999,219,0.7,1.9,1015.6,22.4
4362000,4362599,243,1.4,2.1,1015.6,22.5
4362600,4363199,239,1.4,2.5,1015.9,22.5
4363200,4363799,233,1.3,2,1015.9,22.6
4363800,4364399,237,1.2,2.1,1015.9,22.7
4364400,4364999,243,1,1.8,1015.9,22.9
4365000,4365599,239,1.2,1.6,1015.9,22.9
4365600,4366199,258,1.4,2,1016.3,23.2
4366200,4366799,266,1.4,2.2,1016.3,23.5
4366800,4367399,271,1.1,2,1016.3,23.8
4367400,4367999,276,2.3,2.7,1016.6,24
4368000,4368599,284,1.5,2.7,1016.6,24.1
4368600,4369199,282,2.2,2.9,1016.6,24.3
4369200,4369799,297,2.6,3.4,1016.6,24.5
4369800,4370399,296,2.3,3.3,1016.6,24.8
4370400,4370999,305,2.2,3.2,1016.6,25.1
4371000,4371599,305,2.5,3.2,1016.6,25.4
4371600,4372199,313,1.9,2.6,1016.6,25.7
4372200,4372799,318,1.9,2.4,1016.9,25.9
4372800,4373399,341,1.9,2.8,1016.9,25.9
4373400,4373999,347,2.3,2.5,1016.9,25.8
4374000,4374599,354,2,2.3,1017.3,25.9
4374600,4375199,7,1.9,2.3,1017.3,25.6
4375200,4375799,28,1.6,2,1017.3,25.6
4375800,4376399,19,1.9,2,1017.3,25.3
4376400,4376999,38,1.6,2,1017.3,24.3
4377000,4377599,40,1.5,1.7,1017.6,24.2
4377600,4378199,69,1,1.6,1017.6,25
4378200,4378799,78,1.1,1.3,1017.6,25.6
4378800,4379399,102,1.1,1.4,1017.6,25.8
4379400,4379999,89,0.9,1.3,1017.6,26.1
4380000,4380599,72,0.8,1.3,1017.6,26.1
4380600,4381199,23,1,1.8,1017.9,25.1
4381200,4381799,34,1,1.4,1017.9,25.1
4381800,4382399,41,1,1.3,1017.9,25.2
4382400,4382999,35,0.9,1.1,1017.9,25.2
4383000,4383599,20,0.5,0.8,1017.9,25.2
4383600,4384199,22,0.9,1.3,1017.9,25.3
4384200,4384799,28,1,1.4,1017.9,25.3
4384800,4385399,23,1.2,1.3,1018.3,25.2
4385400,4385999,21,1.1,1.2,1018.3,25.1
4386000,4386599,20,1.3,1.6,1018.3,25.1
4386600,4387199,22,1.7,2,1018.3,25
4387200,4387799,34,1.5,1.9,1018.3,24.9
4387800,4388399,38,1.3,1.6,1018.3,24.8
4388400,4388999,36,1,1.4,1017.9,24.9
4389000,4389599,44,0.7,1.1,1017.9,24.9
4389600,4390199,35,0.7,0.9,1018.3,25.1
4390200,4390799,18,0.8,1.1,1018.3,25
4390800,4391399,17,1.6,1.8,1018.3,24.9
4391400,4391999,5,2.3,2.7,1018.6,24.6
4392000,4392599,9,2.4,3,1018.6,24.5
4392600,4393199,12,2.6,2.8,1018.6,24.5
4393200,4393799,10,2.5,2.8,1018.6,24.3
4393800,4394399,11,2.5,2.9,1018.6,24.2
4394400,4394999,7,2.8,3.3,1018.6,24
4395000,4395599,18,2.4,2.9,1018.6,24
4395600,4396199,13,2.2,2.9,1018.6,23.8
4396200,4396799,24,2.7,3.1,1018.3,23.7
4396800,4397399,17,2.7,3.1,1018.3,23.5
4397400,4397999,20,2.2,3,1018.3,23.4
4398000,4398599,16,2.4,2.8,1018.6,23.2
4398600,4399199,2,2.8,3.1,1019,23
4399200,4399799,0,3.6,3.8,1019.3,23
4399800,4400399,2,3,3.8,1019.6,22.9
4400400,4400999,2,3,3.5,1019.6,22.9
4401000,4401599,1,3.5,3.9,1019.6,22.9
4401600,4402199,4,3.3,4,1019.3,22.8
4402200,4402799,5,2.9,3.6,1019.3,22.7
4402800,4403399,1,2.7,3.2,1019.6,22.7
4403400,4403999,356,2.7,3.2,1019.6,22.8
4404000,4404599,353,2.5,3.4,1019.6,22.8
4404600,4405199,358,2.5,2.9,1020,22.9
4405200,4405799,0,2.5,2.9,1020,22.9
4405800,4406399,357,2.3,2.9,1020,23
4406400,4406999,0,2,2.4,1020,23.1
4407000,4407599,354,1.8,2.6,1020,23
4407600,4408199,356,1.6,2.3,1020.3,22.9
4408200,4408799,0,1.7,2,1020,22.8
4408800,4409399,360,1.7,2.1,1020,22.7
4409400,4409999,9,1.4,1.9,1020,22.7
4410000,4410599,7,1.5,1.6,1020.3,22.6
4410600,4411199,353,1,1.6,1020.3,22.6
4411200,4411799,346,1.3,1.8,1020.7,22.6
4411800,4412399,355,1.6,2,1020.7,22.6
4412400,4412999,360,1.6,2.1,1020.7,22.7
4413000,4413599,359,2.2,2.6,1020.7,22.7
4413600,4414199,357,2.2,2.6,1021,22.8
4414200,4414799,358,2.8,3.3,1021,22.9
4414800,4415399,359,2.9,3.3,1021.3,22.9
4415400,4415999,354,3.4,3.9,1021.3,23
4416000,4416599,355,3.9,4.5,1021.7,23.1
4416600,4417199,357,3.7,4.7,1021.3,23.2
4417200,4417799,358,3.7,4.4,1021.3,23.1
4417800,4418399,356,3.6,4.3,1021.3,23
4418400,4418999,356,3.5,4.1,1021.3,23
4419000,4419599,352,3.3,3.9,1021.3,22.9
4419600,4420199,352,3.3,4.1,1021.3,23
4420200,4420799,353,3.4,4.4,1021.7,23
4420800,4421399,352,3.7,4.3,1021.7,23
4421400,4421999,351,4,4.5,1021.7,22.9
4422000,4422599,351,4.2,4.8,1022,22.8
4422600,4423199,353,4.7,5.4,1022,22.6
4423200,4423799,353,4.9,5.7,1022,22.6
4423800,4424399,353,5.4,5.9,1022,22.5
4424400,4424999,359,5,6.4,1022.4,22.5
4425000,4425599,359,4.6,5.9,1022.4,22.4
4425600,4426199,3,4.3,5.1,1022,22.4
4426200,4426799,4,4,4.8,1022.4,22.2
4426800,4427399,3,4.2,4.8,1022.4,22.1
4427400,4427999,1,3.9,4.9,1022.4,22
4428000,4428599,3,3.6,4.5,1022.4,22
4428600,4429199,3,3.6,4.4,1022.4,22
4429200,4429799,3,3.9,4.4,1022.4,21.9
4429800,4430399,2,4,4.3,1022.4,21.9
4430400,4430999,4,3.8,4.6,1022.4,21.8
4431000,4431599,6,4.1,4.8,1022.4,21.8
4431600,4432199,9,4.3,5,1022,21.7
4432200,4432799,10,4.1,4.7,1022,21.7
4432800,4433399,10,4.3,4.7,1022,21.7
4433400,4433999,10,4.6,5.1,1022,21.8
4434000,4434599,7,4,5,1022,21.6
4434600,4435199,3,4,4.7,1022.4,21.5
4435200,4435799,3,4,4.5,1022.4,21.4
4435800,4436399,6,4,4.5,1022.4,21.5
4436400,4436999,12,3.8,4.4,1022.4,21.5
4437000,4437599,14,3.9,4.4,1022.4,21.5
4437600,4438199,8,4.2,4.5,1022.4,21.5
4438200,4438799,13,3.8,4.5,1022.4,21.4
4438800,4439399,11,3.5,4.5,1022.4,21.4
4439400,4439999,11,3.9,4.5,1022.7,21.4
4440000,4440599,8,3.4,4.4,1022.7,21.3
4440600,4441199,7,3.5,3.9,1022.7,21.3
4441200,4441799,3,4.1,4.5,1022.7,21.2
4441800,4442399,8,3.8,4.9,1022.4,21.1
4442400,4442999,4,4.2,4.7,1022.7,21.1
4443000,4443599,4,4.4,5.1,1022.7,21.1
4443600,4444199,6,4.3,5,1022.7,21
4444200,4444799,6,4.3,5.2,1023,21.1
4444800,4445399,7,4.5,5.2,1023,21
4445400,4445999,14,4.6,5.2,1023,21
4446000,4446599,14,4.6,5.2,1023,21
4446600,4447199,16,4.9,5.1,1023,21
4447200,4447799,10,5,5.4,1023.4,20.9
4447800,4448399,10,5.1,5.5,1023.4,20.9
4448400,4448999,10,5.1,5.6,1023.4,20.8
4449000,4449599,11,5.1,5.6,1023.4,20.7
4449600,4450199,9,4.9,5.4,1023.7,20.7
4450200,4450799,17,4.5,5.1,1023.4,20.6
4450800,4451399,14,4.4,5.1,1023.7,20.6
4451400,4451999,14,4.2,4.7,1023.7,20.5
4452000,4452599,13,4.2,4.8,1023.7,20.6
4452600,4453199,9,4.3,4.8,1023.7,20.5
4453200,4453799,12,4.7,5.1,1024,20.6
4453800,4454399,14,4.4,5.1,1024,20.6
4454400,4454999,13,4.3,4.6,1024,20.7
4455000,4455599,13,4.4,4.6,1024,20.7
4455600,4456199,11,4.6,4.9,1024,20.7
4456200,4456799,10,4.4,4.9,1024,20.8
4456800,4457399,13,4.2,4.7,1024,20.8
4457400,4457999,15,4.2,4.8,1024,20.8
4458000,4458599,15,4.1,4.6,1024,20.8
4458600,4459199,13,4.1,4.8,1024,20.8
4459200,4459799,12,4,4.5,1024.4,20.8
4459800,4460399,19,4.1,4.7,1024.4,20.8
4460400,4460999,20,4,4.6,1024.4,20.7
4461000,4461599,12,3.8,4.3,1024.4,20.6
4461600,4462199,22,3.8,4.2,1024.4,20.7
4462200,4462799,15,3.5,4,1024.4,20.6
4462800,4463399,12,3.9,4.2,1024.4,20.6
4463400,4463999,16,3.4,4.1,1024.4,20.7
4464000,4464599,12,3.6,4,1024.4,20.6
4464600,4465199,16,3.5,4.3,1024.4,20.7
4465200,4465799,20,2.9,3.7,1024,20.6
4465800,4466399,18,2.6,3.1,1024,20.6
4466400,4466999,11,3,3.4,1024,20.6
4467000,4467599,7,3.5,3.8,1024.4,20.6
4467600,4468199,7,3.4,3.9,1024,20.5
4468200,4468799,12,3.7,3.9,1024,20.5
4468800,4469399,7,3.4,4,1024,20.5
4469400,4469999,13,3.6,4.1,1023.7,20.5
4470000,4470599,10,4,4.5,1023.7,20.5
4470600,4471199,16,4.4,4.8,1023.7,20.6
4471200,4471799,12,4.6,5.2,1024,20.5
4471800,4472399,13,4.7,5.3,1023.7,20.6
4472400,4472999,14,4.4,5,1023.7,20.6
4473000,4473599,18,4.6,5.2,1023.7,20.6
4473600,4474199,15,4.4,5.1,1023.7,20.7
4474200,4474799,19,4.4,5.1,1023.7,20.7
4474800,4475399,23,4.3,4.9,1023.4,20.6
4475400,4475999,28,4,4.5,1023.4,20.6
4476000,4476599,23,3.9,4.4,1023.4,20.7
4476600,4477199,19,4,4.5,1023.7,20.7
4477200,4477799,15,4.3,4.6,1023.4,20.7
4477800,4478399,19,3.9,4.6,1023.4,20.7
4478400,4478999,23,3.4,4.2,1023.4,20.8
4479000,4479599,20,3.3,3.8,1023,20.8
4479600,4480199,17,3.6,3.9,1023,20.7
4480200,4480799,23,3.6,4.2,1023,20.7
4480800,4481399,20,3.7,4,1023,20.7
4481400,4481999,14,3.7,4.3,1023.4,20.8
4482000,4482599,14,3.7,4.4,1023.4,20.8
