Code vs/Code vs/Data/staqs-Ground-Kenosha-DOAS_OTHER_20230701_R0_thru20230831.ict
43, 1001
Cleary, P
University of Wisconsin - Eau Claire
Ground-based Differential Optical Absorption Spectrometer (OPSIS DOAS)
STAQS 2023
1,1
2023, 07, 1, 2024, 03, 21
0
Time_Start, seconds
11
1, 1, 1, 1, 1, 1, 1, 1, 1, 1, 1
-9999, -9999, -9999, -9999, -9999, -9999, -9999, -9999, -9999, -9999, -9999
Time_Stop, seconds
Latitude_KM, degrees, Met_Latitude_Insitu_Kenosha-Municipal
Longitude_KM, degrees, Met_Longitude_Insitu_Kenosha-Municipal
Elevation_KM, meters above sea level, Met_Elevation_Insitu_Kenosha-Municipal
Latitude_WT, degrees, Met_Latitude_Insitu_Kenosha-Water-Treatment
Longitude_WT, degrees, Met_Longitude_Insitu_Kenosha-Water-Treatment
Elevation_WT, meters above sea level, Met_Elevation_Insitu_Kenosha-Water-Treatment
SO2_ppb, ppbv, Gas_SO2_Long-Path_DOAS_AVMR
NO2_ppb, ppbv, Gas_NO2_Long-Path_DOAS_AVMR
O3_ppb, ppbv,  Gas_O3_Long-Path_DOAS_AVMR
Formaldehyde_ppb, ppbv, Gas_HCHO_Long-Path_DOAS_AVMR
0
18
PI_CONTACT_INFO: 715-836-5518, UW-Eau Claire, Dept. of Chemistry, 105 Garfield Ave, Eau Claire, WI 54702, clearypa@uwec.edu
PLATFORM: Ground-based long-path DOAS instrumentation mounted between 2 buildings in Kenosha, Wisconsin.
LOCATION: Latitude and longitude are included in data records.
ASSOCIATED DATA:
INSTRUMENT_INFO: Light emitter at Kenosha Municipal Building and receiver and analyzer at Kenosha Water Treatment facility. Full pathlength for spectrometer is 596 m. Observations made by by differential UV absorption.
DATA_INFO: Units are ppbv
UNCERTAINTY: The uncertainty for each measurement is estimated at 10%
ULOD_FLAG:-7777, -7777, -7777, -7777, -7777, -7777, -7777, -7777, -7777, -7777, -7777
ULOD_VALUE:N/A
LLOD_FLAG:-8888, -8888, -8888, -8888, -8888, -8888, -8888, -8888, -8888, -8888, -8888
LLOD_VALUE:N/A
DM_CONTACT_INFO: Patricia Cleary, UW-Eau Claire, clearypa@uwec.edu
PROJECT_INFO: AGES 2023, 1-July 23 to 31-August 23; Kenosha, Wisconsin
STIPULTAIONS_ON_USE: With permission of PI
OTHER_COMMENTS: Formaldehyde data is uncalibrated.
REVISION: R0
R0: No Comments
Time_Start,Time_Stop,Latitude_KM,Longitude_KM,Elevation_KM,Latitude_WT,Longitude_WT,Elevation_WT,SO2_ppb,NO2_ppb,O3_ppb,Formaldehyde_ppb
[from data line 16134]
4840200,4840500,42.58783,-87.820781,195,42.58949,-87.81395,188,-0.3974679,5.83340931,31.6891117,-10.645708
4840500,4840800,42.58783,-87.820781,195,42.58949,-87.81395,188,-0.2933785,5.61111832,31.920639,-10.249486
4840800,4841100,42.58783,-87.820781,195,42.58949,-87.81395,188,-0.343713,4.8409462,32.5814934,-9.8905106
4841100,4841400,42.58783,-87.820781,195,42.58949,-87.81395,188,-0.1499949,4.60498524,32.5906067,-9.9059916
4841400,4841700,42.58783,-87.820781,195,42.58949,-87.81395,188,-0.2808549,5.26199102,31.5350647,-9.820755
4841700,4842000,42.58783,-87.820781,195,42.58949,-87.81395,188,-0.3524,5.43661404,31.8714161,-9.8539019
4842000,4842300,42.58783,-87.820781,195,42.58949,-87.81395,188,-0.3033462,4.77937031,32.6753807,-9.8134699
4842300,4842600,42.58783,-87.820781,195,42.58949,-87.81395,188,-0.3270754,5.27304602,32.3618164,-10.092309
4842600,4842900,42.58783,-87.820781,195,42.58949,-87.81395,188,-0.244997,5.07025051,32.0181732,-10.162793
4842900,4843200,42.58783,-87.820781,195,42.58949,-87.81395,188,-0.3078818,5.16320848,32.5167732,-9.2883921
4843200,4843500,42.58783,-87.820781,195,42.58949,-87.81395,188,-0.2149554,5.05360842,32.5600739,-10.041131
4843500,4843800,42.58783,-87.820781,195,42.58949,-87.81395,188,-0.300302,4.77972698,31.9917374,-10.285184
4843800,4844100,42.58783,-87.820781,195,42.58949,-87.81395,188,-0.246251,4.47553349,31.2798367,-9.6213236
4844100,4844400,42.58783,-87.820781,195,42.58949,-87.81395,188,-0.3551854,4.28700256,32.0364037,-9.837966
4844400,4844700,42.58783,-87.820781,195,42.58949,-87.81395,188,-0.2816607,4.18905163,33.0901222,-9.6500998
4844700,4845000,42.58783,-87.820781,195,42.58949,-87.81395,188,-0.266896,3.99933195,32.0127029,-9.9191046
4845000,4845300,42.58783,-87.820781,195,42.58949,-87.81395,188,-0.2164655,4.11107159,32.2569923,-9.7739477
4845300,4845600,42.58783,-87.820781,195,42.58949,-87.81395,188,-0.3055339,4.63826942,31.2606964,-10.198672
4845600,4845900,42.58783,-87.820781,195,42.58949,-87.81395,188,-0.2569283,5.22002935,30.806757,-10.098683
4845900,4846200,42.58783,-87.820781,195,42.58949,-87.81395,188,-0.3262483,4.61164188,30.9717426,-10.51503
4846200,4846500,42.58783,-87.820781,195,42.58949,-87.81395,188,-0.2187919,4.69461489,30.819519,-9.719491
4846500,4846800,42.58783,-87.820781,195,42.58949,-87.81395,188,-0.3098988,4.53389978,31.6845531,-10.237284
4846800,4847100,42.58783,-87.820781,195,42.58949,-87.81395,188,-0.3200906,4.39945555,31.4256821,-9.4858198
4847100,4847400,42.58783,-87.820781,195,42.58949,-87.81395,188,-0.3795709,4.40896511,31.6253052,-9.2279253
4847400,4847700,42.58783,-87.820781,195,42.58949,-87.81395,188,-0.2893845,4.31196547,32.1548996,-9.2605267
4847700,4848000,42.58783,-87.820781,195,42.58949,-87.81395,188,-0.3441239,4.40135717,30.8942623,-9.8535376
4848000,4848300,42.58783,-87.820781,195,42.58949,-87.81395,188,-0.2437537,4.46923304,31.5979595,-9.4351883
4848300,4848600,42.58783,-87.820781,195,42.58949,-87.81395,188,-0.2430654,4.08349323,31.4265919,-9.1822109
4848600,4848900,42.58783,-87.820781,195,42.58949,-87.81395,188,-0.2592548,3.91742921,32.1913605,-10.272981
4848900,4849200,42.58783,-87.820781,195,42.58949,-87.81395,188,-0.2671788,4.06720781,32.2068558,-9.0918751
4849200,4849500,42.58783,-87.820781,195,42.58949,-87.81395,188,-0.2622003,4.02417612,31.7775288,-10.036942
4849500,4849800,42.58783,-87.820781,195,42.58949,-87.81395,188,-0.2148433,4.16408873,32.1694832,-9.7038279
4849800,4850100,42.58783,-87.820781,195,42.58949,-87.81395,188,-0.3096747,3.93133712,32.1321106,-9.4095078
4850100,4850400,42.58783,-87.820781,195,42.58949,-87.81395,188,-0.3445668,4.01454735,31.1121178,-9.8498955
4850400,4850700,42.58783,-87.820781,195,42.58949,-87.81395,188,-0.2412992,3.99552798,32.1375809,-10.29939
4850700,4851000,42.58783,-87.820781,195,42.58949,-87.81395,188,-0.28967,4.11689663,31.3837509,-9.1519775
4851000,4851300,42.58783,-87.820781,195,42.58949,-87.81395,188,-0.3210457,4.41669178,31.4138317,-10.054426
4851300,4851600,42.58783,-87.820781,195,42.58949,-87.81395,188,-0.2978074,4.12224579,31.8066978,-9.1578054
4851600,4851900,42.58783,-87.820781,195,42.58949,-87.81395,188,-0.251587,3.79184079,31.9534531,-10.26351
4851900,4852200,42.58783,-87.820781,195,42.58949,-87.81395,188,-0.2070528,4.12283993,31.4001579,-9.6001968
4852200,4852500,42.58783,-87.820781,195,42.58949,-87.81395,188,-0.2223511,4.67339611,31.3336182,-8.9075603
4852500,4852800,42.58783,-87.820781,195,42.58949,-87.81395,188,-0.3363973,4.29449129,31.1121178,-10.128188
4852800,4853100,42.58783,-87.820781,195,42.58949,-87.81395,188,-0.2337007,4.03249741,32.5076599,-9.3807316
4853100,4853400,42.58783,-87.820781,195,42.58949,-87.81395,188,-0.3348339,4.7034111,31.6107197,-9.2949486
4853400,4853700,42.58783,-87.820781,195,42.58949,-87.81395,188,-0.1940222,3.86078644,31.8139896,-9.662303
4853700,4854000,42.58783,-87.820781,195,42.58949,-87.81395,188,-0.2735393,3.70744157,32.6152191,-10.484797
4854000,4854300,42.58783,-87.820781,195,42.58949,-87.81395,188,-0.3056353,4.49027348,32.2342033,-8.9164848
4854300,4854600,42.58783,-87.820781,195,42.58949,-87.81395,188,-0.3416747,3.74839306,31.7611217,-9.1130018
4854600,4854900,42.58783,-87.820781,195,42.58949,-87.81395,188,-0.2601033,4.0416503,32.3978195,-9.683794
4854900,4855200,42.58783,-87.820781,195,42.58949,-87.81395,188,-0.2786565,4.45912933,32.7847633,-9.7923431
4855200,4855500,42.58783,-87.820781,195,42.58949,-87.81395,188,-0.2966121,3.92111421,32.5386505,-9.4441118
4855500,4855800,42.58783,-87.820781,195,42.58949,-87.81395,188,-0.2542283,4.01205111,33.4255638,-9.2790127
4855800,4856100,42.58783,-87.820781,195,42.58949,-87.81395,188,-0.2594843,3.89692354,32.3235321,-10.09759
4856100,4856400,42.58783,-87.820781,195,42.58949,-87.81395,188,-0.2750867,4.09597492,31.8923817,-10.019822
4856400,4856700,42.58783,-87.820781,195,42.58949,-87.81395,188,-0.264244,4.00539446,33.2067986,-9.9828491
4856700,4857000,42.58783,-87.820781,195,42.58949,-87.81395,188,-0.1804475,3.81965685,33.0545731,-9.6929007
4857000,4857300,42.58783,-87.820781,195,42.58949,-87.81395,188,-0.2979141,3.45341206,33.5896378,-10.053515
4857300,4857600,42.58783,-87.820781,195,42.58949,-87.81395,188,-0.2586198,3.88931584,32.9998817,-9.7597418
4857600,4857900,42.58783,-87.820781,195,42.58949,-87.81395,188,-0.2986772,3.95891547,32.8540382,-10.147312
4857900,4858200,42.58783,-87.820781,195,42.58949,-87.81395,188,-0.3307092,3.73983431,32.7537689,-10.188655
4858200,4858500,42.58783,-87.820781,195,42.58949,-87.81395,188,-0.2531665,3.70078468,32.5149536,-9.6725016
4858500,4858800,42.58783,-87.820781,195,42.58949,-87.81395,188,-0.2926688,4.0037303,33.4210052,-10.020004
4858800,4859100,42.58783,-87.820781,195,42.58949,-87.81395,188,-0.3570103,3.56093168,32.9625092,-9.7655697
4859100,4859400,42.58783,-87.820781,195,42.58949,-87.81395,188,-0.3156083,3.59796047,32.1211739,-9.1593533
4859400,4859700,42.58783,-87.820781,195,42.58949,-87.81395,188,-0.3156083,3.57400775,33.0354309,-9.1593533
4859700,4860000,42.58783,-87.820781,195,42.58949,-87.81395,188,-0.1838678,3.60402298,33.0354309,-10.114347
4860000,4860300,42.58783,-87.820781,195,42.58949,-87.81395,188,-0.3019855,4.40444803,33.4884605,-9.9169188
4860300,4860600,42.58783,-87.820781,195,42.58949,-87.81395,188,-0.2175433,3.94310546,33.1548424,-10.213971
4860600,4860900,42.58783,-87.820781,195,42.58949,-87.81395,188,-0.2689557,3.8566854,33.0135536,-9.7872429
4860900,4861200,42.58783,-87.820781,195,42.58949,-87.81395,188,-0.362389,3.61567235,32.8595085,-10.44145
4861200,4861500,42.58783,-87.820781,195,42.58949,-87.81395,188,-0.2684968,3.63683152,32.0240936,-9.3246355
4861500,4861800,42.58783,-87.820781,195,42.58949,-87.81395,188,-0.1880459,3.76628327,32.0240936,-9.4266281
4861800,4862100,42.58783,-87.820781,195,42.58949,-87.81395,188,-0.2885068,3.7149899,34.116497,-9.278739
4862100,4862400,42.58783,-87.820781,195,42.58949,-87.81395,188,-0.2713569,3.88236189,32.0983849,-9.4559507
4862400,4862700,42.58783,-87.820781,195,42.58949,-87.81395,188,-0.2178475,3.7677691,33.2113571,-9.8945169
4862700,4863000,42.58783,-87.820781,195,42.58949,-87.81395,188,-0.2523074,3.4447937,32.9743576,-9.2570658
4863000,4863300,42.58783,-87.820781,195,42.58949,-87.81395,188,-0.1704425,3.4447937,32.6152191,-8.7777023
4863300,4863600,42.58783,-87.820781,195,42.58949,-87.81395,188,-0.1403394,3.3973043,33.0800972,-8.7777023
4863600,4863900,42.58783,-87.820781,195,42.58949,-87.81395,188,-0.1403394,3.92741442,33.0800972,-11.076533
4863900,4864200,42.58783,-87.820781,195,42.58949,-87.81395,188,-0.2432788,3.54613209,32.7884102,-9.5198774
4864200,4864500,42.58783,-87.820781,195,42.58949,-87.81395,188,-0.3914382,4.22174168,31.3819275,-9.3741751
4864500,4864800,42.58783,-87.820781,195,42.58949,-87.81395,188,-0.293688,3.52372479,31.6535625,-9.8783073
4864800,4865100,42.58783,-87.820781,195,42.58949,-87.81395,188,-0.2550554,3.96105504,31.1531353,-9.0833149
4865100,4865400,42.58783,-87.820781,195,42.58949,-87.81395,188,-0.3213872,8.43706417,28.4700661,-8.9019146
4865400,4865700,42.58783,-87.820781,195,42.58949,-87.81395,188,-0.4757256,8.43706417,24.61022,-8.9019146
4865700,4866000,42.58783,-87.820781,195,42.58949,-87.81395,188,-0.3843626,10.8259172,23.6590462,-9.2209129
4866000,4866300,42.58783,-87.820781,195,42.58949,-87.81395,188,-0.3230734,11.5679169,24.5208912,-8.8720455
4866300,4866600,42.58783,-87.820781,195,42.58949,-87.81395,188,-0.2980582,11.5679169,16.8540688,-8.8720455
4866600,4866900,42.58783,-87.820781,195,42.58949,-87.81395,188,-0.2710901,10.8323364,21.5671005,-9.3753586
4866900,4867200,42.58783,-87.820781,195,42.58949,-87.81395,188,-0.2469127,10.4621687,25.216383,-9.9118195
4867200,4867500,42.58783,-87.820781,195,42.58949,-87.81395,188,-0.3207202,7.0915513,22.9512482,-9.9118195
4867500,4867800,42.58783,-87.820781,195,42.58949,-87.81395,188,-0.3207202,7.49547863,22.9512482,-8.9933434
4867800,4868100,42.58783,-87.820781,195,42.58949,-87.81395,188,-0.3963473,18.1945591,18.4487782,-8.3850327
4868100,4868400,42.58783,-87.820781,195,42.58949,-87.81395,188,-0.3827619,15.786211,18.2837925,-7.9801602
4868400,4868700,42.58783,-87.820781,195,42.58949,-87.81395,188,-0.4469219,15.4761925,14.4280481,-8.0768709
4868700,4869000,42.58783,-87.820781,195,42.58949,-87.81395,188,-0.4496326,10.6559305,18.9879436,-8.0160398
4869000,4869300,42.58783,-87.820781,195,42.58949,-87.81395,188,-0.3838504,11.0567665,18.9879436,-8.9507246
4869300,4869600,42.58783,-87.820781,195,42.58949,-87.81395,188,-0.5169942,20.1597519,17.2186775,-7.9124084
4869600,4869900,42.58783,-87.820781,195,42.58949,-87.81395,188,-0.3488356,16.3567963,16.0237846,-7.4224815
4869900,4870200,42.58783,-87.820781,195,42.58949,-87.81395,188,-0.2050838,7.27984428,16.0237846,-8.2509861
4870200,4870500,42.58783,-87.820781,195,42.58949,-87.81395,188,-0.314952,6.55947971,18.3877068,-6.8352976
4870500,4870800,42.58783,-87.820781,195,42.58949,-87.81395,188,-0.3036076,6.48054886,19.2181034,-7.7918386
4870800,4871100,42.58783,-87.820781,195,42.58949,-87.81395,188,-0.3394816,8.37857914,17.0609837,-7.1090374
4871100,4871400,42.58783,-87.820781,195,42.58949,-87.81395,188,-0.415685,8.02624226,16.9046574,-8.3502464
4871400,4871700,42.58783,-87.820781,195,42.58949,-87.81395,188,-0.3798591,7.10320044,17.7332325,-7.3576436
4871700,4872000,42.58783,-87.820781,195,42.58949,-87.81395,188,-0.1506272,7.10320044,18.6019135,-7.6330223
4872000,4872300,42.58783,-87.820781,195,42.58949,-87.81395,188,-0.2842967,6.7831974,18.2026672,-7.8668761
4872300,4872600,42.58783,-87.820781,195,42.58949,-87.81395,188,-0.3887702,6.18562698,18.9533062,-7.7960277
4872600,4872900,42.58783,-87.820781,195,42.58949,-87.81395,188,-0.2737581,5.58199453,20.9285774,-7.0157876
4872900,4873200,42.58783,-87.820781,195,42.58949,-87.81395,188,-0.2847716,5.18781471,22.4093475,-7.125247
4873200,4873500,42.58783,-87.820781,195,42.58949,-87.81395,188,-0.3194022,5.18781471,21.480505,-8.0921698
4873500,4873800,42.58783,-87.820781,195,42.58949,-87.81395,188,-0.2434069,5.13456011,21.0917397,-8.0921698
4873800,4874100,42.58783,-87.820781,195,42.58949,-87.81395,188,-0.2434069,5.1414547,21.0917397,-8.1772232
4874100,4874400,42.58783,-87.820781,195,42.58949,-87.81395,188,-0.2637317,6.21094704,21.6468582,-7.7572341
4874400,4874700,42.58783,-87.820781,195,42.58949,-87.81395,188,-0.2664478,6.14152575,22.5693188,-7.8280826
4874700,4875000,42.58783,-87.820781,195,42.58949,-87.81395,188,-0.3084207,5.51851702,21.3474216,-7.1485596
4875000,4875300,42.58783,-87.820781,195,42.58949,-87.81395,188,-0.3636803,5.5892458,23.4015408,-7.6588845
4875300,4875600,42.58783,-87.820781,195,42.58949,-87.81395,188,-0.2827599,5.89486599,23.617115,-7.56181
4875600,4875900,42.58783,-87.820781,195,42.58949,-87.81395,188,-0.277648,5.89486599,21.7252483,-7.56181
4875900,4876200,42.58783,-87.820781,195,42.58949,-87.81395,188,-0.277648,6.54093552,23.7201176,-6.6080008
4876200,4876500,42.58783,-87.820781,195,42.58949,-87.81395,188,-0.1056101,5.41688156,23.7201176,-7.3929763
4876500,4876800,42.58783,-87.820781,195,42.58949,-87.81395,188,-0.2877758,4.84451246,23.5615139,-7.7031422
4876800,4877100,42.58783,-87.820781,195,42.58949,-87.81395,188,-0.2144164,4.83559704,24.15765,-7.6288333
4877100,4877400,42.58783,-87.820781,195,42.58949,-87.81395,188,-0.354257,5.257236,24.8700047,-7.1325321
4877400,4877700,42.58783,-87.820781,195,42.58949,-87.81395,188,-0.3535526,5.01889753,23.8554802,-6.7609892
4877700,4878000,42.58783,-87.820781,195,42.58949,-87.81395,188,-0.2926315,5.01889753,23.7985096,-7.5858512
4878000,4878300,42.58783,-87.820781,195,42.58949,-87.81395,188,-0.2926315,4.63803148,31.3928661,-7.5858512
4878300,4878600,42.58783,-87.820781,195,42.58949,-87.81395,188,-0.230974,3.3501122,31.3928661,-6.5380635
4878600,4878900,42.58783,-87.820781,195,42.58949,-87.81395,188,-0.1088917,3.18083835,33.1074409,-7.229425
4878900,4879200,42.58783,-87.820781,195,42.58949,-87.81395,188,-0.2147633,3.20520711,33.169426,-7.3778596
4879200,4879500,42.58783,-87.820781,195,42.58949,-87.81395,188,-0.2901556,3.31433153,33.523098,-8.1287775
4879500,4879800,42.58783,-87.820781,195,42.58949,-87.81395,188,-0.2430014,3.33150864,32.8868523,-7.3164825
4879800,4880100,42.58783,-87.820781,195,42.58949,-87.81395,188,-0.2458881,3.45757246,33.175808,-7.4758453
4880100,4880400,42.58783,-87.820781,195,42.58949,-87.81395,188,-0.2730164,3.4994154,34.083683,-6.5488091
4880400,4880700,42.58783,-87.820781,195,42.58949,-87.81395,188,-0.225558,3.38547659,33.4738731,-6.9347401
4880700,4881000,42.58783,-87.820781,195,42.58949,-87.81395,188,-0.2477558,3.26434588,33.336235,-6.8385763
4881000,4881300,42.58783,-87.820781,195,42.58949,-87.81395,188,-0.1881366,3.37519407,33.8567123,-7.2649398
4881300,4881600,42.58783,-87.820781,195,42.58949,-87.81395,188,-0.2100569,3.56140733,33.2259407,-6.6939659
4881600,4881900,42.58783,-87.820781,195,42.58949,-87.81395,188,-0.2053452,3.63516736,32.8203125,-6.8183599
4881900,4882200,42.58783,-87.820781,195,42.58949,-87.81395,188,-0.2210544,3.64836216,32.5979004,-6.7458725
4882200,4882500,42.58783,-87.820781,195,42.58949,-87.81395,188,-0.1717685,3.58042669,35.3771362,-7.1445527
4882500,4882800,42.58783,-87.820781,195,42.58949,-87.81395,188,-0.2130984,3.45656204,35.3543472,-6.972805
4882800,4883100,42.58783,-87.820781,195,42.58949,-87.81395,188,-0.2256274,3.36734867,36.0935936,-7.149106
4883100,4883400,42.58783,-87.820781,195,42.58949,-87.81395,188,-0.2418008,3.54310083,35.807373,-6.8688097
4883400,4883700,42.58783,-87.820781,195,42.58949,-87.81395,188,-0.242948,3.55796003,35.2686653,-7.2461805
4883700,4884000,42.58783,-87.820781,195,42.58949,-87.81395,188,-0.2190054,3.47451186,36.9987335,-7.2217755
4884000,4884300,42.58783,-87.820781,195,42.58949,-87.81395,188,-0.1998652,3.34624887,37.5237732,-6.4449954
4884300,4884600,42.58783,-87.820781,195,42.58949,-87.81395,188,-0.1711308,3.27141881,37.4280624,-7.0236192
4884600,4884900,42.58783,-87.820781,195,42.58949,-87.81395,188,-0.2287969,3.37668014,37.0898895,-7.1290717
