Code vs/Code vs/Data/staqs-Ground-Kenosha-KNSW3_OTHER_20230701_R0_thru20230831.ict
38, 1001
Cleary, P
University of Wisconsin - Eau Claire
NOAA Meteorological Station at Kenosha Harbor Lighthouse KNSW3 operated by National Weather Service Central Region
STAQS 2023
1,1
2023, 07, 1, 2024, 03, 28
0
Time_Start, seconds
6
1, 1, 1, 1, 1, 1
-9999, -9999, -9999, -9999, -9999, -9999
Time_Stop, seconds
WDIR, degrees, Met_wind-direction_Insitu_Kenosha-KNSW3
WSPD, meters/second, Met_wind-speed_Insitu_Kenosha-KNSW3
GST, meters/second, Met_peak-gust-wind-speed_Insitu_Kenosha-KNSW3
PRES, hPa, Met_atmospheric-pressure_Insitu_Kenosha-KNSW3
ATMP, degrees Celsius, Met_air-temperature_Insitu_Kenosha-KNSW3
0
18
PI_CONTACT_INFO: 715-836-5518, UW-Eau Claire, Dept. of Chemistry, 105 Garfield Ave, Eau Claire, WI 54702, clearypa@uwec.edu
PLATFORM: Kenosha Harbor Lighthouse. NOAA Station KNSW3
LOCATION: 42.589 N 87.809 W (42°35'20" N 87°48'31" W) Site elevation: 176 m above mean sea level
ASSOCIATED DATA: Meteorological data to be paired with Kenosha DOAS instrument observations.
INSTRUMENT_INFO: NOAA Meteorological Station at Kenosha Harbor Lighthouse Station KNSW3
DATA_INFO: Units given
UNCERTAINTY: WDIR  +/- 3 degrees, WSPD ±0.3 m/s or 1% of reading, GST  ±0.3 m/s or 1% of reading, PRES ±0.5 mb (@ +20 degrees C), ATMP  ±0.2 degrees C (over 0 to 50 degrees C range)
ULOD_FLAG:-7777, -7777, -7777, -7777, -7777, -7777,
ULOD_VALUE:N/A
LLOD_FLAG:-8888, -8888, -8888, -8888, -8888, -8888,
LLOD_VALUE:N/A
DM_CONTACT_INFO: Patricia Cleary, UW-Eau Claire, clearypa@uwec.edu
PROJECT_INFO: AGES 2023, 1-July 23 to 31-August 23; Kenosha, Wisconsin
STIPULTAIONS_ON_USE: None
OTHER_COMMENTS: None
REVISION: R0
R0: No Comments
Time_Start,Time_Stop,WDIR,WSPD,GST,PRES,ATMP
[from data line 2545]
1527000,1527599,88,1.7,1.9,1015.9,20.7
1527600,1528199,85,2.1,2.3,1015.9,20.8
1528200,1528799,85,1.7,2.2,1015.9,21.1
1528800,1529399,90,1.9,2.1,1016.3,20.9
1529400,1529999,94,1.9,2.1,1015.9,21.2
1530000,1530599,79,2,2.2,1016.3,20.9
1530600,1531199,77,2.2,2.3,1015.9,20.7
1531200,1531799,70,2.3,2.4,1015.6,20.2
1531800,1532399,83,2.2,2.5,1015.6,21
1532400,1532999,77,1.9,2.2,1015.6,20.9
1533000,1533599,76,2.3,2.6,1015.6,20.4
1533600,1534199,73,2.1,2.4,1015.6,20.5
1534200,1534799,76,2.1,2.3,1015.9,20.7
1534800,1535399,81,1.9,2.2,1015.9,21
1535400,1535999,93,2,2.3,1015.6,21.3
1536000,1536599,104,2.1,2.4,1015.6,21.7
1536600,1537199,112,2.2,2.4,1015.6,21.9
1537200,1537799,106,2.3,2.5,1015.6,21.8
1537800,1538399,105,2.5,2.6,1015.6,21.5
1538400,1538999,111,2.5,2.8,1015.6,21.7
1539000,1539599,114,2.7,3,1015.6,21.8
1539600,1540199,109,2.5,2.9,1015.6,21.7
1540200,1540799,119,2.5,2.7,1015.2,22
1540800,1541399,112,2.6,2.8,1015.6,22
1541400,1541999,115,2.6,2.9,1015.2,22
1542000,1542599,116,2.7,2.9,1015.2,22
1542600,1543199,113,2.6,2.8,1015.6,22
1543200,1543799,113,2.5,2.9,1015.6,22
1543800,1544399,118,2.9,3,1015.6,22.1
1544400,1544999,123,2.8,3.1,1015.6,22.3
1545000,1545599,118,2.8,3,1015.2,22.3
1545600,1546199,118,2.8,3,1015.2,22.2
1546200,1546799,117,2.5,3,1015.2,22.3
1546800,1547399,111,2.5,2.9,1015.2,22.2
1547400,1547999,113,2.6,2.7,1014.9,22.2
1548000,1548599,117,2.5,2.8,1014.9,22.3
1548600,1549199,122,2.3,2.8,1014.9,22.6
1549200,1549799,116,2.1,2.6,1014.9,22.7
1549800,1550399,113,1.6,2.4,1014.9,23
1550400,1550999,123,2.3,2.5,1014.9,22.8
1551000,1551599,132,2.5,2.6,1014.9,22.6
1551600,1552199,127,2.3,2.7,1014.9,22.7
1552200,1552799,129,2.2,2.5,1014.9,22.8
1552800,1553399,127,2,2.5,1014.9,22.9
1553400,1553999,132,2.1,2.3,1014.9,22.8
1554000,1554599,144,2.1,2.3,1014.9,21.9
1554600,1555199,154,1.9,2.4,1014.9,21.7
1555200,1555799,155,1.9,2.3,1014.9,21.5
1555800,1556399,145,1.6,2.2,1014.9,21.8
1556400,1556999,148,1.5,1.7,1014.9,21.8
1557000,1557599,153,1.5,1.7,1014.9,21.4
1557600,1558199,153,1.7,1.9,1014.9,21.3
1558200,1558799,158,1.2,1.8,1014.9,21.3
1558800,1559399,163,1.3,1.8,1014.9,21
1559400,1559999,162,1.1,1.6,1014.9,20.8
1560000,1560599,162,1.2,1.6,1014.9,20.7
1560600,1561199,157,1,1.5,1014.9,20.6
1561200,1561799,162,0.8,1.2,1014.9,20.5
1561800,1562399,167,1.1,1.2,1015.2,20.5
1562400,1562999,166,1,1.2,1015.2,20.4
1563000,1563599,164,0.9,1.2,1015.6,20.4
1563600,1564199,163,0.8,0.9,1015.6,20.4
1564200,1564799,177,0.4,0.8,1015.9,20.3
1564800,1565399,180,0.8,1,1015.9,20.2
1565400,1565999,175,1.1,1.3,1015.9,20.1
1566000,1566599,187,1.1,1.4,1016.3,20
1566600,1567199,198,0.9,1.3,1016.3,19.9
1567200,1567799,190,1,1.2,1016.3,20
1567800,1568399,178,0.9,1.3,1016.3,20
1568400,1568999,183,1.1,1.3,1016.3,19.9
1569000,1569599,189,1.3,1.6,1016.6,19.7
1569600,1570199,190,1.4,1.7,1016.6,19.7
1570200,1570799,192,1.5,1.8,1016.9,19.5
1570800,1571399,195,1.4,1.8,1016.9,19.5
1571400,1571999,195,1.5,1.9,1016.9,19.5
1572000,1572599,200,1.5,2.1,1017.3,19.3
1572600,1573199,196,1.5,2.1,1017.3,19.2
1573200,1573799,204,1.1,1.9,1017.3,19.4
1573800,1574399,208,1.3,1.9,1017.3,19.6
1574400,1574999,207,1.6,2.3,1017.3,19.6
1575000,1575599,210,1.3,2,1017.3,19.5
1575600,1576199,220,1.4,2,1017.3,19.4
1576200,1576799,218,1.2,1.9,1017.3,19.2
1576800,1577399,218,1.3,1.7,1017.3,19.3
1577400,1577999,216,1.1,1.6,1017.3,19.3
1578000,1578599,220,1.4,1.9,1017.3,19.2
1578600,1579199,231,1.3,2.1,1017.3,19.1
1579200,1579799,233,1.3,2.2,1017.3,19
1579800,1580399,231,1.4,1.9,1017.3,19
1580400,1580999,235,1.1,2.2,1016.9,19
1581000,1581599,236,1.7,2.2,1016.9,19
1581600,1582199,233,1.6,2.5,1016.6,19.1
1582200,1582799,240,1.8,2.2,1016.6,19.1
1582800,1583399,238,2.1,2.5,1016.9,18.9
1583400,1583999,241,2,2.5,1016.9,18.9
1584000,1584599,250,1.9,2.3,1017.3,18.6
1584600,1585199,250,2,2.4,1017.3,18.7
1585200,1585799,251,2,2.5,1016.9,18.8
1585800,1586399,251,2.2,2.3,1016.6,18.8
1586400,1586999,255,1.9,2.3,1016.6,18.6
1587000,1587599,250,2,2.3,1016.6,18.3
1587600,1588199,251,2.3,2.5,1016.6,18.4
1588200,1588799,254,2.2,2.6,1016.6,18.6
1588800,1589399,249,2.2,2.4,1016.6,18.4
1589400,1589999,249,2.1,2.4,1016.9,18.5
1590000,1590599,255,2.1,2.5,1016.6,18.4
1590600,1591199,258,1.8,2.3,1016.9,18.4
1591200,1591799,257,2,2.6,1016.9,18.2
1591800,1592399,257,2.1,2.5,1017.3,18
1592400,1592999,255,2.3,2.6,1017.3,18.1
1593000,1593599,254,2.4,2.6,1017.3,18.2
1593600,1594199,257,2.1,2.7,1017.3,18.4
1594200,1594799,252,2,2.2,1017.3,18.3
1594800,1595399,256,2.2,2.4,1017.3,18.7
1595400,1595999,260,1.9,2.4,1017.3,18.5
1596000,1596599,260,2,2.3,1017.3,18.4
1596600,1597199,256,2.1,2.5,1017.3,18.5
1597200,1597799,259,2.7,2.9,1017.6,18.7
1597800,1598399,257,2.4,3,1017.6,18.9
1598400,1598999,256,1.9,2.7,1017.6,19.2
1599000,1599599,255,1.7,2.2,1017.6,19.6
1599600,1600199,255,1.9,2.3,1017.9,20.1
1600200,1600799,260,1.4,1.9,1017.9,20.5
1600800,1601399,255,1.3,1.6,1017.9,20.8
1601400,1601999,254,0.8,1.5,1017.9,21.2
1602000,1602599,247,0.9,1.1,1017.9,21.6
1602600,1603199,254,0.8,1.1,1017.9,21.9
1603200,1603799,266,0.9,1.2,1017.9,22.2
1603800,1604399,236,0.3,1,1017.9,22.5
1604400,1604999,141,0.7,0.9,1017.9,23.1
1605000,1605599,150,0.6,1.1,1018.3,23.5
1605600,1606199,109,2.3,2.5,1017.9,22.5
1606200,1606799,149,2.4,2.6,1017.9,20.9
1606800,1607399,149,2.2,2.8,1017.9,20.6
1607400,1607999,146,1.8,2.2,1017.9,20.9
1608000,1608599,146,2.3,2.5,1017.9,20.9
1608600,1609199,144,2.5,2.8,1017.9,20.8
1609200,1609799,146,2.6,3.2,1017.9,20.7
1609800,1610399,156,2.4,2.8,1018.3,20.9
1610400,1610999,155,2.3,2.7,1018.3,21.1
1611000,1611599,149,2.7,2.9,1018.3,21
1611600,1612199,152,2.6,3,1018.3,21
1612200,1612799,149,2.2,2.7,1018.3,21.3
1612800,1613399,144,2.5,2.7,1017.9,21.2
1613400,1613999,145,2.6,2.8,1017.9,21.2
1614000,1614599,146,2.2,2.6,1018.3,21.4
1614600,1615199,147,2.5,2.6,1018.3,21.4
1615200,1615799,143,2.6,2.7,1017.9,21.5
1615800,1616399,142,2.8,3,1017.9,21.5
1616400,1616999,143,2.9,3,1017.9,21.5
1617000,1617599,146,2.7,3.1,1017.9,21.5
1617600,1618199,139,2.7,3,1017.9,21.7
1618200,1618799,142,2.4,2.9,1017.9,21.9
1618800,1619399,151,2.5,2.7,1017.9,22
1619400,1619999,148,2.7,2.8,1017.6,21.9
1620000,1620599,148,2.6,2.9,1017.6,22
1620600,1621199,144,2.5,2.8,1017.6,21.9
1621200,1621799,145,2.6,2.7,1017.6,22
1621800,1622399,137,2.5,2.7,1017.3,22.1
1622400,1622999,145,2.2,2.8,1017.6,22.3
1623000,1623599,142,2.4,2.5,1017.3,22.1
1623600,1624199,143,2.5,2.6,1017.3,22.1
1624200,1624799,143,2.7,2.8,1017.3,22.2
1624800,1625399,141,2.5,2.7,1017.3,22.2
1625400,1625999,138,2.5,2.8,1017.3,22.3
1626000,1626599,138,3,3.2,1016.9,22.2
1626600,1627199,130,2.8,3.2,1016.9,22.6
1627200,1627799,133,3.1,3.2,1016.6,22.5
1627800,1628399,129,2.3,3.1,1016.9,23
1628400,1628999,129,2.3,2.5,1016.9,23.1
1629000,1629599,126,2.4,2.6,1016.9,23.5
1629600,1630199,122,2.8,3,1016.6,23.1
1630200,1630799,120,2.7,3,1016.6,22.8
1630800,1631399,122,3,3.2,1016.3,23
1631400,1631999,132,2.7,3.3,1016.3,22.5
1632000,1632599,127,2.7,2.9,1016.3,22.8
1632600,1633199,136,2.7,3,1016.3,22.7
1633200,1633799,142,2.1,2.6,1016.3,22.8
1633800,1634399,141,2.3,2.5,1016.3,22.8
1634400,1634999,146,2,2.2,1016.3,22.9
1635000,1635599,147,2.3,2.5,1016.3,22.6
1635600,1636199,145,2.4,2.8,1016.3,22.8
1636200,1636799,152,2,2.4,1015.9,22.4
1636800,1637399,145,2.1,2.3,1015.9,22.5
1637400,1637999,144,2.3,2.4,1015.9,22.4
1638000,1638599,148,2.2,2.6,1015.9,22.4
1638600,1639199,155,2.2,2.5,1015.6,22.5
1639200,1639799,151,2.4,2.7,1015.6,22.5
1639800,1640399,160,1.6,2.5,1015.6,22.4
1640400,1640999,162,2.5,2.8,1015.6,22
1641000,1641599,166,1.9,2.7,1015.6,22.1
1641600,1642199,163,2,2.5,1015.6,21.9
1642200,1642799,160,2,2.5,1015.6,21.9
1642800,1643399,160,1.7,2.4,1015.2,22.1
1643400,1643999,161,2.5,2.7,1015.2,21.8
1644000,1644599,164,2.4,2.8,1015.2,21.8
1644600,1645199,167,1.9,2.9,1014.9,21.8
1645200,1645799,166,2.5,2.8,1014.9,21.7
1645800,1646399,166,2.5,3,1014.9,21.7
1646400,1646999,176,1.3,3,1014.9,21.7
1647000,1647599,181,1.8,2.7,1015.2,22.1
1647600,1648199,178,2,2.6,1015.2,22.3
1648200,1648799,191,1.8,2.5,1015.2,22.1
1648800,1649399,190,1.6,2.5,1015.6,22.1
1649400,1649999,179,1.8,2.6,1015.6,22
1650000,1650599,176,1.8,2.5,1015.6,21.9
1650600,1651199,179,1.6,2.6,1015.2,21.7
1651200,1651799,177,1.8,3.1,1015.2,21.7
1651800,1652399,170,1.6,2.8,1015.2,21.6
1652400,1652999,173,1.5,2.5,1014.9,21.5
1653000,1653599,177,1.7,3.1,1015.2,21.5
1653600,1654199,170,1.8,2.7,1014.9,21.6
1654200,1654799,178,1.8,2.7,1015.2,21.6
1654800,1655399,176,1.6,2.4,1014.9,21.5
1655400,1655999,177,1.4,2.2,1015.2,21.4
1656000,1656599,183,2,2.5,1015.2,21.5
1656600,1657199,181,1.7,2.4,1015.2,21.4
1657200,1657799,166,1.3,2.3,1014.9,21.3
1657800,1658399,169,1.8,2.2,1014.9,21.1
1658400,1658999,178,1.2,2.1,1014.9,21
1659000,1659599,174,1,1.7,1014.9,20.9
1659600,1660199,195,1.1,1.8,1014.9,20.9
1660200,1660799,178,1.2,1.6,1014.6,20.9
1660800,1661399,188,1,1.8,1014.6,20.8
1661400,1661999,188,1.5,1.8,1014.6,20.7
1662000,1662599,222,1.1,1.9,1014.6,21
1662600,1663199,221,1.5,2,1014.6,21.5
1663200,1663799,221,1.8,2.2,1014.6,21.8
1663800,1664399,222,1.8,2.5,1014.2,21.9
1664400,1664999,218,1.6,2.5,1014.2,21.8
1665000,1665599,216,2.3,3,1014.2,21.8
1665600,1666199,223,1.8,2.9,1014.2,21.8
1666200,1666799,231,2,3.2,1014.2,21.8
1666800,1667399,235,1.6,2.6,1014.2,21.7
1667400,1667999,239,1.8,2.5,1014.2,21.6
1668000,1668599,232,2,2.9,1014.2,21.7
1668600,1669199,239,2.1,3.1,1014.6,21.7
1669200,1669799,238,1.9,2.8,1014.2,21.8
1669800,1670399,233,2.2,2.8,1014.2,21.7
1670400,1670999,237,1.7,3,1014.2,21.6
1671000,1671599,226,1.8,2.6,1014.2,21.5
1671600,1672199,224,2.4,2.9,1013.9,21.4
1672200,1672799,223,2.2,3,1013.9,21.4
1672800,1673399,222,2,2.9,1013.5,21.4
1673400,1673999,225,1.8,2.5,1013.5,21.3
1674000,1674599,225,1.7,2.6,1013.5,21.2
1674600,1675199,222,1.8,2.6,1013.5,21.2
1675200,1675799,228,1.6,2.5,1013.2,21.1
1675800,1676399,227,2,2.6,1013.2,21.1
1676400,1676999,229,1.9,2.5,1013.2,21
1677000,1677599,225,1.6,2.5,1013.2,20.9
1677600,1678199,224,1.5,2.5,1013.2,20.9
1678200,1678799,226,1.7,2.3,1013.2,20.7
1678800,1679399,221,1.5,2.2,1013.2,20.7
1679400,1679999,208,1.4,2,1013.2,20.6
1680000,1680599,230,1,1.7,1013.2,20.6
1680600,1681199,204,0.7,1.4,1013.2,20.6
1681200,1681799,222,1.3,1.7,1013.2,20.8
1681800,1682399,220,0.8,1.8,1013.2,20.7
1682400,1682999,218,1.1,1.7,1012.9,20.9
1683000,1683599,217,1.7,2.5,1012.9,21.1
1683600,1684199,215,1.6,2.6,1012.9,21.5
1684200,1684799,212,1.7,3.4,1012.9,21.8
1684800,1685399,210,1.7,3.1,1012.5,22.1
1685400,1685999,201,1.7,2.8,1012.2,22.3
1686000,1686599,210,2.3,3.5,1012.2,22.4
1686600,1687199,216,2,3,1012.2,22.7
1687200,1687799,216,1.9,2.9,1012.2,22.8
1687800,1688399,224,2.6,3.6,1012.2,22.9
1688400,1688999,230,2.7,4.3,1012.2,23.3
1689000,1689599,221,3.3,4.7,1011.9,23.4
1689600,1690199,224,3.4,4.6,1011.9,23.5
1690200,1690799,219,2.9,4.6,1011.5,23.9
1690800,1691399,234,2.7,4.9,1011.2,24.1
1691400,1691999,231,4.1,5.2,1011.2,24.2
1692000,1692599,221,3,5.4,1011.2,24.7
1692600,1693199,233,3.6,4.9,1010.8,25.3
1693200,1693799,231,4,6.5,1010.8,25.2
1693800,1694399,241,3.5,5.6,1010.8,25.5
1694400,1694999,245,3.8,5.9,1011.2,25.8
1695000,1695599,246,4.5,6.3,1010.8,25.6
1695600,1696199,251,3.7,5.9,1010.8,25.6
1696200,1696799,259,3.5,5.3,1010.8,25.8
1696800,1697399,256,5.2,6.2,1010.8,25.5
1697400,1697999,247,4.8,6.1,1010.8,25.5
1698000,1698599,237,4.9,5.9,1011.2,25.8
1698600,1699199,258,3.9,6,1011.2,26
1699200,1699799,242,4.9,6.1,1011.2,26.1
1699800,1700399,271,4,6.1,1010.8,26.4
1700400,1700999,262,4,5.9,1010.8,26.7
1701000,1701599,261,4.7,6.7,1010.8,26.7
1701600,1702199,260,4.5,7,1011.2,26.9
1702200,1702799,248,4.2,6.6,1011.2,27.2
1702800,1703399,278,4.2,7.2,1010.8,26.9
1703400,1703999,262,4.9,6.1,1010.8,27.4
1704000,1704599,264,4.3,6.7,1010.8,27.3
1704600,1705199,273,5.1,6.9,1010.5,27.7
1705200,1705799,272,4.3,5.9,1010.8,27.5
1705800,1706399,262,5.5,6.9,1010.5,27.6
1706400,1706999,251,4.6,7.1,1010.8,27.8
1707000,1707599,269,4.5,8.3,1010.5,27.9
1707600,1708199,269,5,7.2,1010.5,27.8
1708200,1708799,296,5.2,8.3,1010.2,27.4
1708800,1709399,290,6.1,7.1,1010.2,27.3
1709400,1709999,274,4.8,6.6,1010.5,27.6
1710000,1710599,300,5.2,7.1,1010.2,27
1710600,1711199,263,3.9,6.8,1010.5,27.4
1711200,1711799,274,4.1,6.8,1010.5,27.7
1711800,1712399,298,4.5,7.2,1010.5,27.5
1712400,1712999,294,4,7.2,1010.2,27.3
1713000,1713599,294,5.3,6.8,1010.2,27.1
1713600,1714199,311,4.9,6.4,1010.2,26.9
1714200,1714799,303,3.1,6.3,1010.2,26.9
1714800,1715399,298,4.4,6.7,1010.2,27.4
1715400,1715999,302,5.5,7,1010.2,26.9
1716000,1716599,311,4.9,7,1010.2,26.6
1716600,1717199,300,5.7,7.4,1010.2,26.8
1717200,1717799,312,5,7.4,1010.2,26.8
1717800,1718399,312,5.3,7.1,1010.2,26.7
1718400,1718999,295,4.7,7.3,1010.5,26.8
1719000,1719599,296,4.7,6.8,1010.5,26.8
1719600,1720199,300,4.1,7.6,1010.2,26.8
1720200,1720799,302,4.6,7.8,1010.5,26.5
1720800,1721399,289,3.7,6.2,1010.5,27.1
1721400,1721999,289,4.7,7.2,1010.5,26.6
1722000,1722599,307,5.5,7.4,1010.5,26.2
1722600,1723199,289,5.2,7.6,1010.5,26.3
1723200,1723799,312,4.9,6.6,1010.5,26.1
1723800,1724399,319,5.9,7.4,1010.8,25.7
1724400,1724999,311,5,7.3,1010.8,25.7
1725000,1725599,292,4.6,6.9,1010.8,25.9
1725600,1726199,302,5.6,7.6,1010.8,25.8
1726200,1726799,295,4.7,7.4,1011.2,25.7
1726800,1727399,305,6.1,7.1,1010.8,25.6
1727400,1727999,313,4.8,6.2,1011.2,25.4
1728000,1728599,308,3.5,5.8,1011.2,25.3
1728600,1729199,297,3.4,4.7,1011.5,25.4
1729200,1729799,298,3.7,4.7,1011.5,25.2
1729800,1730399,307,4,5.2,1011.9,25.1
1730400,1730999,303,3.3,6,1011.9,24.9
1731000,1731599,305,4.2,6,1011.9,24.7
1731600,1732199,308,3.5,5.8,1012.2,24.4
1732200,1732799,299,3.3,5.7,1012.5,24.3
1732800,1733399,303,4.1,5.7,1012.5,24
1733400,1733999,300,3.7,4.9,1012.9,23.9
1734000,1734599,305,2.9,4.1,1012.9,23.6
1734600,1735199,311,2.6,4.6,1013.2,23.5
1735200,1735799,10,2.9,3.6,1013.2,21.2
1735800,1736399,4,3.3,3.8,1013.2,21.6
1736400,1736999,355,2.4,3.9,1013.5,20.8
1737000,1737599,360,2.1,2.8,1013.9,20.6
1737600,1738199,356,2.6,3,1013.9,20.8
1738200,1738799,354,3.4,3.8,1013.9,21.2
1738800,1739399,347,4.1,4.8,1013.9,21.4
1739400,1739999,355,4.2,4.5,1013.9,21.4
1740000,1740599,352,4.7,5.2,1013.9,21.2
1740600,1741199,351,4.1,4.9,1013.9,20.8
1741200,1741799,355,4,4.7,1013.9,20.8
1741800,1742399,350,3.7,4.3,1014.2,20.6
1742400,1742999,351,3.7,4.5,1014.6,20.6
1743000,1743599,354,4,4.4,1014.6,20.5
1743600,1744199,351,3.5,4.4,1014.6,20.5
1744200,1744799,350,3.2,4,1014.6,20.5
1744800,1745399,335,2.7,4,1014.9,20.4
1745400,1745999,335,3.1,3.7,1014.9,20.6
1746000,1746599,343,4.1,4.6,1014.6,20.6
1746600,1747199,338,3.3,4.4,1014.9,20.4
1747200,1747799,339,3.2,4.2,1014.9,20.5
1747800,1748399,338,3.5,4,1014.9,20.5
1748400,1748999,341,3.3,4.3,1014.9,20.3
1749000,1749599,332,2.8,3.4,1014.9,20.2
1749600,1750199,316,2,2.8,1014.9,20.1
1750200,1750799,318,1.6,2.7,1014.9,20.1
1750800,1751399,322,1.8,2.4,1014.9,20.1
1751400,1751999,336,2.2,2.9,1014.9,20
1752000,1752599,345,3,3.6,1014.9,20
1752600,1753199,337,2.7,3.7,1014.9,19.9
1753200,1753799,330,3,3.8,1014.9,19.8
1753800,1754399,341,3.1,3.5,1014.9,19.8
1754400,1754999,345,3.2,3.8,1014.9,20
1755000,1755599,350,3.6,4.3,1014.9,20
1755600,1756199,344,3.4,4.1,1014.9,19.9
1756200,1756799,324,2.1,3.9,1014.9,19.7
1756800,1757399,339,2.1,3.7,1014.9,19.7
1757400,1757999,342,2,2.5,1014.9,19.7
1758000,1758599,352,2.3,2.9,1014.9,19.7
1758600,1759199,2,3.6,4,1014.9,19.6
1759200,1759799,348,3.7,4.4,1014.9,19.4
1759800,1760399,342,3.6,4.4,1014.9,19.2
1760400,1760999,346,3.5,3.9,1014.9,19
1761000,1761599,320,2.3,3.9,1015.2,18.8
1761600,1762199,320,2.5,3.2,1015.6,18.6
1762200,1762799,328,2.4,3.2,1015.6,18.5
1762800,1763399,327,1.8,3.2,1015.6,18.4
1763400,1763999,328,2.4,2.8,1015.6,18.3
1764000,1764599,332,2.9,3.6,1015.2,18.2
1764600,1765199,318,2.4,3.3,1015.6,18
1765200,1765799,321,2.4,3,1015.6,18
1765800,1766399,322,2.1,2.9,1015.6,17.9
1766400,1766999,328,2.3,2.7,1015.6,17.8
1767000,1767599,323,2.6,3.2,1015.9,17.8
1767600,1768199,316,1.9,2.8,1015.6,17.7
1768200,1768799,322,2,2.5,1015.6,17.4
1768800,1769399,317,2.1,2.5,1015.6,17.3
1769400,1769999,321,2.1,2.5,1015.6,17.4
1770000,1770599,308,1.8,2.5,1015.9,17.6
