Code vs/Code vs/Data/staqs-Ground-Kenosha-DOAS_OTHER_20230701_R0_thru20230831.ict
43, 1001
Cleary, P
University of Wisconsin - Eau Claire
Ground-based Differential Optical Absorption Spectrometer (OPSIS DOAS)
STAQS 2023
1,1
2023, 07, 1, 2024, 03, 21
0
Time_Start, seconds
11
1, 1, 1, 1, 1, 1, 1, 1, 1, 1, 1
-9999, -9999, -9999, -9999, -9999, -9999, -9999, -9999, -9999, -9999, -9999
Time_Stop, seconds
Latitude_KM, degrees, Met_Latitude_Insitu_Kenosha-Municipal
Longitude_KM, degrees, Met_Longitude_Insitu_Kenosha-Municipal
Elevation_KM, meters above sea level, Met_Elevation_Insitu_Kenosha-Municipal
Latitude_WT, degrees, Met_Latitude_Insitu_Kenosha-Water-Treatment
Longitude_WT, degrees, Met_Longitude_Insitu_Kenosha-Water-Treatment
Elevation_WT, meters above sea level, Met_Elevation_Insitu_Kenosha-Water-Treatment
SO2_ppb, ppbv, Gas_SO2_Long-Path_DOAS_AVMR
NO2_ppb, ppbv, Gas_NO2_Long-Path_DOAS_AVMR
O3_ppb, ppbv,  Gas_O3_Long-Path_DOAS_AVMR
Formaldehyde_ppb, ppbv, Gas_HCHO_Long-Path_DOAS_AVMR
0
18
PI_CONTACT_INFO: 715-836-5518, UW-Eau Claire, Dept. of Chemistry, 105 Garfield Ave, Eau Claire, WI 54702, clearypa@uwec.edu
PLATFORM: Ground-based long-path DOAS instrumentation mounted between 2 buildings in Kenosha, Wisconsin.
LOCATION: Latitude and longitude are included in data records.
ASSOCIATED DATA:
INSTRUMENT_INFO: Light emitter at Kenosha Municipal Building and receiver and analyzer at Kenosha Water Treatment facility. Full pathlength for spectrometer is 596 m. Observations made by by differential UV absorption.
DATA_INFO: Units are ppbv
UNCERTAINTY: The uncertainty for each measurement is estimated at 10%
ULOD_FLAG:-7777, -7777, -7777, -7777, -7777, -7777, -7777, -7777, -7777, -7777, -7777
ULOD_VALUE:N/A
LLOD_FLAG:-8888, -8888, -8888, -8888, -8888, -8888, -8888, -8888, -8888, -8888, -8888
LLOD_VALUE:N/A
DM_CONTACT_INFO: Patricia Cleary, UW-Eau Claire, clearypa@uwec.edu
PROJECT_INFO: AGES 2023, 1-July 23 to 31-August 23; Kenosha, Wisconsin
STIPULTAIONS_ON_USE: With permission of PI
OTHER_COMMENTS: Formaldehyde data is uncalibrated.
REVISION: R0
R0: No Comments
Time_Start,Time_Stop,Latitude_KM,Longitude_KM,Elevation_KM,Latitude_WT,Longitude_WT,Elevation_WT,SO2_ppb,NO2_ppb,O3_ppb,Formaldehyde_ppb
[from data line 10278]
3083400,3083700,42.58783,-87.820781,195,42.58949,-87.81395,188,0.27214128,5.49093866,47.0692444,-13.565325
3083700,3084000,42.58783,-87.820781,195,42.58949,-87.81395,188,-0.3223904,6.3052125,45.5068932,-17.982315
3084000,3084300,42.58783,-87.820781,195,42.58949,-87.81395,188,-0.37098,5.76315594,45.6737022,-15.587685
3084300,3084600,42.58783,-87.820781,195,42.58949,-87.81395,188,-0.2742383,5.90271139,44.5160675,-14.52478
3084600,3084900,42.58783,-87.820781,195,42.58949,-87.81395,188,-0.2853746,6.07032108,44.1259384,-12.858665
3084900,3085200,42.58783,-87.820781,195,42.58949,-87.81395,188,-0.2259155,5.97391605,43.2882462,-12.80694
3085200,3085500,42.58783,-87.820781,195,42.58949,-87.81395,188,0.28375241,7.41690397,43.501545,-13.491381
3085500,3085800,42.58783,-87.820781,195,42.58949,-87.81395,188,-0.1246516,6.65136766,44.7918053,-12.438676
3085800,3086100,42.58783,-87.820781,195,42.58949,-87.81395,188,-0.3201946,5.7008667,43.5990753,-17.396589
3086100,3086400,42.58783,-87.820781,195,42.58949,-87.81395,188,-0.367693,5.74948549,43.8798256,-13.316901
3086400,3086700,42.58783,-87.820781,195,42.58949,-87.81395,188,-0.2632248,5.81331968,46.2880707,-12.038538
3086700,3087000,42.58783,-87.820781,195,42.58949,-87.81395,188,0.37248471,5.63346624,48.0236092,-11.245367
3087000,3087300,42.58783,-87.820781,195,42.58949,-87.81395,188,0.30470154,5.68969297,48.4848404,-11.662442
3087300,3087600,42.58783,-87.820781,195,42.58949,-87.81395,188,0.39253742,5.35257149,47.7501526,-10.983829
3087600,3087900,42.58783,-87.820781,195,42.58949,-87.81395,188,0.3686001,5.57712078,48.259697,-11.197285
3087900,3088200,42.58783,-87.820781,195,42.58949,-87.81395,188,0.36023328,5.67923212,47.6225395,-11.591229
3088200,3088500,42.58783,-87.820781,195,42.58949,-87.81395,188,0.35244271,5.76398802,47.8941765,-11.10622
3088500,3088800,42.58783,-87.820781,195,42.58949,-87.81395,188,0.30472288,5.41390944,48.4374428,-11.28325
3088800,3089100,42.58783,-87.820781,195,42.58949,-87.81395,188,0.40981537,5.56368828,48.0773926,-11.644958
3089100,3089400,42.58783,-87.820781,195,42.58949,-87.81395,188,0.39710501,5.40582609,48.3380852,-10.913528
3089400,3089700,42.58783,-87.820781,195,42.58949,-87.81395,188,0.30202818,5.45908117,47.7455978,-11.670092
3089700,3090000,42.58783,-87.820781,195,42.58949,-87.81395,188,0.33031166,5.73438883,47.8030205,-11.386152
3090000,3090300,42.58783,-87.820781,195,42.58949,-87.81395,188,0.28666586,6.11882114,47.7328339,-11.80423
3090300,3090600,42.58783,-87.820781,195,42.58949,-87.81395,188,0.34542054,6.82920027,47.8413048,-11.87444
3090600,3090900,42.58783,-87.820781,195,42.58949,-87.81395,188,0.30113709,5.91543102,48.0454865,-12.108658
3090900,3091200,42.58783,-87.820781,195,42.58949,-87.81395,188,0.35567632,6.67763853,46.3227081,-14.288377
3091200,3091500,42.58783,-87.820781,195,42.58949,-87.81395,188,-0.4606994,7.20994759,46.831337,-15.045669
3091500,3091800,42.58783,-87.820781,195,42.58949,-87.81395,188,0.32803053,6.80269194,46.6535912,-14.998315
3091800,3092100,42.58783,-87.820781,195,42.58949,-87.81395,188,-0.4115656,6.80756569,46.6526794,-15.87909
3092100,3092400,42.58783,-87.820781,195,42.58949,-87.81395,188,-0.4083106,6.90385199,45.6791725,-15.222698
3092400,3092700,42.58783,-87.820781,195,42.58949,-87.81395,188,-0.4253004,6.82159281,45.5707016,-15.329426
3092700,3093000,42.58783,-87.820781,195,42.58949,-87.81395,188,-0.2808123,6.86236572,45.0092049,-14.680682
3093000,3093300,42.58783,-87.820781,195,42.58949,-87.81395,188,-0.3805527,6.75003147,44.3957481,-15.034741
3093300,3093600,42.58783,-87.820781,195,42.58949,-87.81395,188,-0.4210316,6.9821887,43.9823723,-14.845692
3093600,3093900,42.58783,-87.820781,195,42.58949,-87.81395,188,-0.3692591,7.13184881,44.4003067,-14.912715
3093900,3094200,42.58783,-87.820781,195,42.58949,-87.81395,188,-0.4391207,7.42938566,44.101326,-16.916679
3094200,3094500,42.58783,-87.820781,195,42.58949,-87.81395,188,-0.3745124,7.52781153,43.8889427,-16.709599
3094500,3094800,42.58783,-87.820781,195,42.58949,-87.81395,188,-0.4547765,8.19521904,45.2899513,-16.88335
3094800,3095100,42.58783,-87.820781,195,42.58949,-87.81395,188,-0.5310493,7.63158703,42.5398865,-17.939697
3095100,3095400,42.58783,-87.820781,195,42.58949,-87.81395,188,-0.4562812,7.43972731,43.1943588,-19.276888
3095400,3095700,42.58783,-87.820781,195,42.58949,-87.81395,188,-0.4669639,7.42344189,43.7221336,-20.27969
3095700,3096000,42.58783,-87.820781,195,42.58949,-87.81395,188,-0.4123233,7.61221075,44.2745171,-17.806015
3096000,3096300,42.58783,-87.820781,195,42.58949,-87.81395,188,-0.3927402,7.27271223,43.724865,-17.731342
3096300,3096600,42.58783,-87.820781,195,42.58949,-87.81395,188,-0.3754942,7.36947393,42.7504463,-16.532206
3096600,3096900,42.58783,-87.820781,195,42.58949,-87.81395,188,-0.3869773,6.9970479,44.0530167,-19.850229
3096900,3097200,42.58783,-87.820781,195,42.58949,-87.81395,188,-0.3305224,7.48109484,43.8889389,-14.818736
3097200,3097500,42.58783,-87.820781,195,42.58949,-87.81395,188,0.37548354,7.00513124,44.8934402,-15.47695
3097500,3097800,42.58783,-87.820781,195,42.58949,-87.81395,188,0.36051339,7.19176006,47.5231857,-16.045193
3097800,3098100,42.58783,-87.820781,195,42.58949,-87.81395,188,0.30859149,7.45803356,46.1969185,-15.529767
3098100,3098400,42.58783,-87.820781,195,42.58949,-87.81395,188,0.49211779,6.87128115,45.1559601,-18.563307
3098400,3098700,42.58783,-87.820781,195,42.58949,-87.81395,188,-0.5267164,6.50901842,45.3820152,-23.129278
3098700,3099000,42.58783,-87.820781,195,42.58949,-87.81395,188,-0.5583589,6.70367146,46.7793808,-17.086605
3099000,3099300,42.58783,-87.820781,195,42.58949,-87.81395,188,-0.5770776,6.52952385,45.5752602,-19.995932
3099300,3099600,42.58783,-87.820781,195,42.58949,-87.81395,188,0.4220348,7.28614473,44.3747826,-17.096075
3099600,3099900,42.58783,-87.820781,195,42.58949,-87.81395,188,-0.5304089,7.02165413,44.4631996,-16.496508
3099900,3100200,42.58783,-87.820781,195,42.58949,-87.81395,188,-0.336376,7.35901308,44.6236305,-15.656894
3100200,3100500,42.58783,-87.820781,195,42.58949,-87.81395,188,-0.3981722,7.08560753,44.1614876,-16.246262
3100500,3100800,42.58783,-87.820781,195,42.58949,-87.81395,188,-0.3900188,7.03116417,44.9071121,-15.837201
3100800,3101100,42.58783,-87.820781,195,42.58949,-87.81395,188,-0.4272534,7.1971097,45.6814499,-16.709599
3101100,3101400,42.58783,-87.820781,195,42.58949,-87.81395,188,-0.3982896,6.8803153,46.948925,-17.111738
3101400,3101700,42.58783,-87.820781,195,42.58949,-87.81395,188,-0.4765954,6.58539391,46.1540756,-19.794498
3101700,3102000,42.58783,-87.820781,195,42.58949,-87.81395,188,-0.5260227,6.57742929,48.4374428,-19.658083
3102000,3102300,42.58783,-87.820781,195,42.58949,-87.81395,188,-0.4939747,6.80328655,49.0208168,-19.735125
3102300,3102600,42.58783,-87.820781,195,42.58949,-87.81395,188,0.59143144,6.795084,47.9543343,-18.805902
3102600,3102900,42.58783,-87.820781,195,42.58949,-87.81395,188,0.67940068,6.90551615,47.8932648,-23.363497
3102900,3103200,42.58783,-87.820781,195,42.58949,-87.81395,188,0.50129575,6.59549809,47.4803429,-18.051525
3103200,3103500,42.58783,-87.820781,195,42.58949,-87.81395,188,0.34307268,6.78902149,48.3335304,-18.835043
3103500,3103800,42.58783,-87.820781,195,42.58949,-87.81395,188,0.35549489,6.44833422,47.3736954,-18.091228
3103800,3104100,42.58783,-87.820781,195,42.58949,-87.81395,188,0.33100799,6.51193094,47.8868828,-17.825319
3104100,3104400,42.58783,-87.820781,195,42.58949,-87.81395,188,-0.4347238,6.44310379,48.426506,-16.973322
3104400,3104700,42.58783,-87.820781,195,42.58949,-87.81395,188,0.37283689,6.59549809,49.8812943,-16.14427
3104700,3105000,42.58783,-87.820781,195,42.58949,-87.81395,188,-0.3527629,6.49421883,49.3207092,-18.036226
3105000,3105300,42.58783,-87.820781,195,42.58949,-87.81395,188,-0.3359225,7.9986639,49.7646217,-16.973686
3105300,3105600,42.58783,-87.820781,195,42.58949,-87.81395,188,0.28616962,6.33825874,49.072773,-14.540808
3105600,3105900,42.58783,-87.820781,195,42.58949,-87.81395,188,0.22020599,6.46099424,48.9998512,-14.019554
3105900,3106200,42.58783,-87.820781,195,42.58949,-87.81395,188,-0.311713,6.35038376,49.1083221,-12.945358
3106200,3106500,42.58783,-87.820781,195,42.58949,-87.81395,188,0.2987999,6.34182501,48.8357773,-13.491381
3106500,3106800,42.58783,-87.820781,195,42.58949,-87.81395,188,0.30683059,6.21284866,48.6598549,-14.750984
3106800,3107100,42.58783,-87.820781,195,42.58949,-87.81395,188,-0.3055339,6.75977898,48.0810356,-14.155423
3107100,3107400,42.58783,-87.820781,195,42.58949,-87.81395,188,0.36249572,6.14723158,48.5404434,-12.543582
3107400,3107700,42.58783,-87.820781,195,42.58949,-87.81395,188,0.45142549,8.33079243,47.9032898,-13.425815
3107700,3108000,42.58783,-87.820781,195,42.58949,-87.81395,188,0.51483852,6.17469072,48.5295067,-13.285575
3108000,3108300,42.58783,-87.820781,195,42.58949,-87.81395,188,0.54157186,5.89046764,48.8740616,-12.769057
3108300,3108600,42.58783,-87.820781,195,42.58949,-87.81395,188,0.57880646,6.13296652,49.4565277,-12.57163
3108600,3108900,42.58783,-87.820781,195,42.58949,-87.81395,188,0.62740672,5.95751143,48.8075218,-12.170582
3108900,3109200,42.58783,-87.820781,195,42.58949,-87.81395,188,0.54160917,6.06627941,49.4738464,-13.018938
3109200,3109500,42.58783,-87.820781,195,42.58949,-87.81395,188,0.52225554,6.03858232,49.5303574,-12.859211
3109500,3109800,42.58783,-87.820781,195,42.58949,-87.81395,188,0.44697526,5.77534008,49.3836021,-12.148362
3109800,3110100,42.58783,-87.820781,195,42.58949,-87.81395,188,0.55375928,6.31460333,48.1922417,-11.883729
3110100,3110400,42.58783,-87.820781,195,42.58949,-87.81395,188,0.4563773,5.95442104,47.9397507,-11.694133
3110400,3110700,42.58783,-87.820781,195,42.58949,-87.81395,188,0.455118,5.58829498,47.217823,-11.763342
3110700,3111000,42.58783,-87.820781,195,42.58949,-87.81395,188,0.29953629,5.4304328,46.7110176,-11.548612
3111000,3111300,42.58783,-87.820781,195,42.58949,-87.81395,188,0.3401539,5.0395813,45.9745064,-11.713256
3111300,3111600,42.58783,-87.820781,195,42.58949,-87.81395,188,0.27343792,5.06561422,45.8450699,-11.469567
3111600,3111900,42.58783,-87.820781,195,42.58949,-87.81395,188,0.20193553,5.43578196,44.6363907,-10.889669
3111900,3112200,42.58783,-87.820781,195,42.58949,-87.81395,188,0.30086493,5.08713007,44.9253426,-11.22588
3112200,3112500,42.58783,-87.820781,195,42.58949,-87.81395,188,-0.2263637,5.29931688,44.5589104,-10.820642
3112500,3112800,42.58783,-87.820781,195,42.58949,-87.81395,188,-0.2920419,5.17057848,44.2462578,-10.645617
3112800,3113100,42.58783,-87.820781,195,42.58949,-87.81395,188,-0.2397891,5.23441267,43.8661537,-10.142849
3113100,3113400,42.58783,-87.820781,195,42.58949,-87.81395,188,-0.2140963,5.47881365,45.0456657,-9.7025528
3113400,3113700,42.58783,-87.820781,195,42.58949,-87.81395,188,0.22217497,5.32873774,44.4559097,-10.264967
3113700,3114000,42.58783,-87.820781,195,42.58949,-87.81395,188,0.26958531,5.28219938,44.6883469,-10.282452
3114000,3114300,42.58783,-87.820781,195,42.58949,-87.81395,188,0.24006124,5.38026857,43.9910316,-10.937205
3114300,3114600,42.58783,-87.820781,195,42.58949,-87.81395,188,-0.2981863,5.61302042,43.5316238,-9.9799356
3114600,3114900,42.58783,-87.820781,195,42.58949,-87.81395,188,-0.2778774,5.47465324,43.0849762,-10.096133
3114900,3115200,42.58783,-87.820781,195,42.58949,-87.81395,188,-0.3231747,5.34270525,43.3766632,-10.145855
3115200,3115500,42.58783,-87.820781,195,42.58949,-87.81395,188,-0.2912068,5.32285357,42.9847107,-10.476054
3115500,3115800,42.58783,-87.820781,195,42.58949,-87.81395,188,-0.2950594,5.31156063,42.056778,-9.7555523
3115800,3116100,42.58783,-87.820781,195,42.58949,-87.81395,188,-0.2396023,5.70193672,41.6844215,-9.8152905
3116100,3116400,42.58783,-87.820781,195,42.58949,-87.81395,188,-0.293005,5.20517015,41.8580666,-9.8344145
3116400,3116700,42.58783,-87.820781,195,42.58949,-87.81395,188,-0.408983,5.47429657,40.7487411,-9.9917736
3116700,3117000,42.58783,-87.820781,195,42.58949,-87.81395,188,-0.3433875,5.74116421,41.3038597,-10.848508
3117000,3117300,42.58783,-87.820781,195,42.58949,-87.81395,188,-0.3684827,5.95436144,40.7779121,-9.8579092
3117300,3117600,42.58783,-87.820781,195,42.58949,-87.81395,188,-0.2392181,5.18222809,39.5774345,-10.499913
3117600,3117900,42.58783,-87.820781,195,42.58949,-87.81395,188,-0.284905,5.26472521,39.7077827,-10.321427
3117900,3118200,42.58783,-87.820781,195,42.58949,-87.81395,188,-0.3159445,5.28422022,38.8217812,-9.7193089
3118200,3118500,42.58783,-87.820781,195,42.58949,-87.81395,188,-0.2485241,5.11827469,39.1526642,-10.261507
3118500,3118800,42.58783,-87.820781,195,42.58949,-87.81395,188,-0.33358,4.77033615,40.1033859,-10.861075
3118800,3119100,42.58783,-87.820781,195,42.58949,-87.81395,188,-0.2956357,4.61924982,39.9839745,-9.854084
3119100,3119400,42.58783,-87.820781,195,42.58949,-87.81395,188,-0.3669139,4.77271366,39.7670326,-9.7406178
3119400,3119700,42.58783,-87.820781,195,42.58949,-87.81395,188,-0.2822423,4.96088791,39.1526642,-8.5436668
3119700,3120000,42.58783,-87.820781,195,42.58949,-87.81395,188,-0.2802947,4.70745277,40.0491486,-9.5369978
3120000,3120300,42.58783,-87.820781,195,42.58949,-87.81395,188,-0.3203574,4.94127417,39.6658516,-9.3199005
3120300,3120600,42.58783,-87.820781,195,42.58949,-87.81395,188,-0.2799105,4.68344069,40.0997391,-9.5380907
3120600,3120900,42.58783,-87.820781,195,42.58949,-87.81395,188,-0.3278278,4.55494022,40.7478294,-9.6406288
3120900,3121200,42.58783,-87.820781,195,42.58949,-87.81395,188,-0.2686408,4.57069063,40.4971619,-10.191751
3121200,3121500,42.58783,-87.820781,195,42.58949,-87.81395,188,-0.2058788,4.46840096,40.1334648,-9.6276979
3121500,3121800,42.58783,-87.820781,195,42.58949,-87.81395,188,-0.2552101,4.74394655,40.4233284,-9.608757
3121800,3122100,42.58783,-87.820781,195,42.58949,-87.81395,188,-0.3137834,4.86234331,39.9684792,-8.9199448
3122100,3122400,42.58783,-87.820781,195,42.58949,-87.81395,188,-0.3133565,4.63458443,40.4105682,-9.5124102
3122400,3122700,42.58783,-87.820781,195,42.58949,-87.81395,188,-0.2535186,4.66667986,40.9483681,-9.7262297
3122700,3123000,42.58783,-87.820781,195,42.58949,-87.81395,188,-0.2371478,4.59809065,40.2875099,-8.9543676
3123000,3123300,42.58783,-87.820781,195,42.58949,-87.81395,188,-0.197432,4.30233669,40.3312645,-8.7838945
3123300,3123600,42.58783,-87.820781,195,42.58949,-87.81395,188,-0.1552109,4.21781874,39.5437088,-8.7950048
3123600,3123900,42.58783,-87.820781,195,42.58949,-87.81395,188,-0.226321,4.59987354,39.7173538,-9.6196842
3123900,3124200,42.58783,-87.820781,195,42.58949,-87.81395,188,-0.2718985,4.40599346,39.7606506,-9.3127975
3124200,3124500,42.58783,-87.820781,195,42.58949,-87.81395,188,0.19998789,4.74703741,39.022316,-9.7485409
3124500,3124800,42.58783,-87.820781,195,42.58949,-87.81395,188,-0.2594843,4.75238657,39.6421547,-8.9093819
3124800,3125100,42.58783,-87.820781,195,42.58949,-87.81395,188,-0.2982557,4.24248505,39.706871,-9.4279032
3125100,3125400,42.58783,-87.820781,195,42.58949,-87.81395,188,-0.2463684,4.39577007,40.5536766,-9.3938446
3125400,3125700,42.58783,-87.820781,195,42.58949,-87.81395,188,-0.2937841,4.45033264,40.5108337,-9.1044416
3125700,3126000,42.58783,-87.820781,195,42.58949,-87.81395,188,-0.2634276,4.43333387,39.667675,-8.4515095
3126000,3126300,42.58783,-87.820781,195,42.58949,-87.81395,188,-0.3064944,4.32230759,40.4707298,-9.1831217
3126300,3126600,42.58783,-87.820781,195,42.58949,-87.81395,188,-0.2123567,4.10893202,41.6912575,-9.1705542
3126600,3126900,42.58783,-87.820781,195,42.58949,-87.81395,188,-0.2133812,4.07136822,40.725956,-9.2160864
3126900,3127200,42.58783,-87.820781,195,42.58949,-87.81395,188,-0.2386045,4.25799751,40.9565697,-8.6554937
3127200,3127500,42.58783,-87.820781,195,42.58949,-87.81395,188,-0.2843607,4.31244087,40.9957657,-8.7753353
3127500,3127800,42.58783,-87.820781,195,42.58949,-87.81395,188,-0.2063844,4.13948202,40.0076752,-8.7148685
3127800,3128100,42.58783,-87.820781,195,42.58949,-87.81395,188,-0.2667305,4.08539534,40.2136803,-8.8687668
