Code vs/Code vs/Data/staqs-Ground-Kenosha-KNSW3_OTHER_20230701_R0_thru20230831.ict
38, 1001
Cleary, P
University of Wisconsin - Eau Claire
NOAA Meteorological Station at Kenosha Harbor Lighthouse KNSW3 operated by National Weather Service Central Region
STAQS 2023
1,1
2023, 07, 1, 2024, 03, 28
0
Time_Start, seconds
6
1, 1, 1, 1, 1, 1
-9999, -9999, -9999, -9999, -9999, -9999
Time_Stop, seconds
WDIR, degrees, Met_wind-direction_Insitu_Kenosha-KNSW3
WSPD, meters/second, Met_wind-speed_Insitu_Kenosha-KNSW3
GST, meters/second, Met_peak-gust-wind-speed_Insitu_Kenosha-KNSW3
PRES, hPa, Met_atmospheric-pressure_Insitu_Kenosha-KNSW3
ATMP, degrees Celsius, Met_air-temperature_Insitu_Kenosha-KNSW3
0
18
PI_CONTACT_INFO: 715-836-5518, UW-Eau Claire, Dept. of Chemistry, 105 Garfield Ave, Eau Claire, WI 54702, clearypa@uwec.edu
PLATFORM: Kenosha Harbor Lighthouse. NOAA Station KNSW3
LOCATION: 42.589 N 87.809 W (42°35'20" N 87°48'31" W) Site elevation: 176 m above mean sea level
ASSOCIATED DATA: Meteorological data to be paired with Kenosha DOAS instrument observations.
INSTRUMENT_INFO: NOAA Meteorological Station at Kenosha Harbor Lighthouse Station KNSW3
DATA_INFO: Units given
UNCERTAINTY: WDIR  +/- 3 degrees, WSPD ±0.3 m/s or 1% of reading, GST  ±0.3 m/s or 1% of reading, PRES ±0.5 mb (@ +20 degrees C), ATMP  ±0.2 degrees C (over 0 to 50 degrees C range)
ULOD_FLAG:-7777, -7777, -7777, -7777, -7777, -7777,
ULOD_VALUE:N/A
LLOD_FLAG:-8888, -8888, -8888, -8888, -8888, -8888,
LLOD_VALUE:N/A
DM_CONTACT_INFO: Patricia Cleary, UW-Eau Claire, clearypa@uwec.edu
PROJECT_INFO: AGES 2023, 1-July 23 to 31-August 23; Kenosha, Wisconsin
STIPULTAIONS_ON_USE: None
OTHER_COMMENTS: None
REVISION: R0
R0: No Comments
Time_Start,Time_Stop,WDIR,WSPD,GST,PRES,ATMP
[from data line 5422]
3253200,3253799,3,4.1,4.9,1010.2,21.1
3253800,3254399,8,4.2,4.6,1010.2,21.2
3254400,3254999,7,4.2,4.9,1010.5,21.2
3255000,3255599,8,4,4.6,1010.5,21.2
3255600,3256199,7,3.8,4.6,1010.5,21.2
3256200,3256799,8,3.6,4.5,1010.5,21.3
3256800,3257399,6,3.9,4.7,1010.5,21.3
3257400,3257999,10,3.9,4.5,1010.5,21.4
3258000,3258599,14,3.7,4.4,1010.5,21.5
3258600,3259199,7,3.6,4.1,1010.8,21.5
3259200,3259799,14,3.7,4.5,1010.8,21.5
3259800,3260399,11,3.9,4.3,1010.8,21.5
3260400,3260999,9,3.5,4.2,1010.8,21.6
3261000,3261599,6,3.8,4.1,1010.8,21.6
3261600,3262199,6,3.6,4.1,1011.2,21.6
3262200,3262799,6,3.4,4.1,1011.2,21.7
3262800,3263399,9,3.5,4.2,1011.2,21.7
3263400,3263999,3,3.4,3.7,1011.2,21.8
3264000,3264599,10,3.4,3.9,1011.2,21.9
3264600,3265199,13,3,4,1011.2,21.8
3265200,3265799,15,3.1,3.6,1011.2,21.8
3265800,3266399,17,3.6,3.9,1011.2,21.7
3266400,3266999,16,3.8,4.1,1011.2,21.7
3267000,3267599,20,3.8,4.2,1011.2,21.8
3267600,3268199,19,3.4,4.1,1011.2,21.9
3268200,3268799,24,3.4,4.1,1011.2,21.9
3268800,3269399,22,3.8,4.1,1011.2,22
3269400,3269999,22,3.4,3.9,1011.5,22.1
3270000,3270599,28,3.5,3.9,1011.2,21.8
3270600,3271199,24,3.1,3.7,1011.5,22
3271200,3271799,24,3.1,3.5,1011.5,22.1
3271800,3272399,27,3.2,3.6,1011.5,22.1
3272400,3272999,23,2.8,3.4,1011.5,22
3273000,3273599,23,2.7,3.1,1011.5,22.1
3273600,3274199,27,2,3,1011.5,22.2
3274200,3274799,30,2.5,2.7,1011.2,22.1
3274800,3275399,29,2.5,3,1011.2,22.1
3275400,3275999,36,2.5,3,1011.2,22.2
3276000,3276599,31,2.4,2.8,1011.2,22.3
3276600,3277199,31,2.7,2.9,1011.2,22.4
3277200,3277799,32,2.4,3,1011.2,22.4
3277800,3278399,31,2.2,2.6,1011.2,22.5
3278400,3278999,26,2.1,2.6,1011.2,22.7
3279000,3279599,36,2.1,2.4,1011.2,22.4
3279600,3280199,33,2.3,2.5,1011.2,22.3
3280200,3280799,27,2.3,2.6,1011.2,22.3
3280800,3281399,29,2.1,3,1011.2,22.4
3281400,3281999,19,1.9,2.5,1011.2,22.6
3282000,3282599,26,1.5,2,1011.2,22.5
3282600,3283199,29,1.2,1.8,1011.2,22.5
3283200,3283799,26,1.5,1.7,1011.2,22.5
3283800,3284399,25,1.2,1.5,1011.2,22.5
3284400,3284999,23,1.4,1.6,1011.2,22.6
3285000,3285599,28,1.3,1.6,1011.5,22.6
3285600,3286199,29,0.8,1.3,1011.5,22.6
3286200,3286799,24,0.9,1.1,1011.5,22.7
3286800,3287399,35,0.7,1,1011.5,22.7
3287400,3287999,53,0.7,1,1011.5,22.8
3288000,3288599,40,0.5,1,1011.5,22.8
3288600,3289199,51,0,0.5,1011.5,22.7
3289200,3289799,54,0.2,0.3,1011.5,22.7
3289800,3290399,0,0,0.2,1011.9,22.4
3290400,3290999,0,0,0,1011.9,22
3291000,3291599,0,0,0,1011.9,22.1
3291600,3292199,0,0,0,1011.9,22.2
3292200,3292799,0,0,0,1011.9,22.4
3292800,3293399,206,0.5,0.6,1011.9,22.3
3293400,3293999,236,0.5,0.8,1011.9,21.9
3294000,3294599,231,1,1.6,1011.9,21.7
3294600,3295199,227,0.9,1.1,1011.9,21.6
3295200,3295799,221,1.2,1.6,1012.2,21.5
3295800,3296399,226,1.1,1.5,1012.2,21.3
3296400,3296999,227,1.3,1.5,1012.2,21
3297000,3297599,224,1,1.4,1012.2,20.8
3297600,3298199,222,1.5,2,1012.5,20.7
3298200,3298799,227,1.8,2.2,1012.5,20.7
3298800,3299399,223,1.9,2.4,1012.5,20.6
3299400,3299999,226,2.7,3.6,1012.5,20.4
3300000,3300599,226,2.5,3.3,1012.5,20.3
3300600,3301199,226,2,3,1012.9,20.2
3301200,3301799,223,2.2,3,1012.5,20.2
3301800,3302399,215,1.6,2.9,1012.5,20.1
3302400,3302999,216,1.8,2.3,1012.5,20.2
3303000,3303599,212,1.9,2.5,1012.5,20.1
3303600,3304199,210,1.8,2.4,1012.5,20.1
3304200,3304799,211,1.6,2.2,1012.9,20.3
3304800,3305399,213,1.7,2.6,1012.9,20.3
3305400,3305999,217,1.7,2.6,1012.9,20.3
3306000,3306599,216,1.6,2.8,1012.9,20
3306600,3307199,221,1.3,2.5,1012.9,19.7
3307200,3307799,227,1.8,2.5,1012.9,19.3
3307800,3308399,237,1.7,2.3,1012.5,19.1
3308400,3308999,241,2,2.5,1012.5,19.2
3309000,3309599,243,1.8,2.2,1012.2,19.1
3309600,3310199,241,2.1,2.6,1012.2,19.1
3310200,3310799,240,2,2.6,1012.2,19.2
3310800,3311399,241,2,2.6,1012.2,19.2
3311400,3311999,240,2,2.7,1012.2,19.1
3312000,3312599,241,2.2,2.6,1012.5,19.2
3312600,3313199,240,2.4,3.1,1012.5,19.2
3313200,3313799,241,2.2,2.9,1012.5,19.3
3313800,3314399,245,2.3,2.9,1012.2,19.2
3314400,3314999,243,2.3,3,1012.5,19.2
3315000,3315599,244,2.4,3.1,1012.5,19.1
3315600,3316199,249,2.2,3,1012.5,19
3316200,3316799,252,2.3,3,1012.5,19
3316800,3317399,250,2.7,3.5,1012.5,18.9
3317400,3317999,249,2.7,3.4,1012.5,18.9
3318000,3318599,253,2.6,3.4,1012.2,18.7
3318600,3319199,251,2.7,3.2,1012.2,18.7
3319200,3319799,251,2.6,3.3,1012.2,18.7
3319800,3320399,250,2.8,3.2,1011.9,18.6
3320400,3320999,251,2.7,3.4,1011.9,18.6
3321000,3321599,250,2.6,3.2,1011.5,18.5
3321600,3322199,249,3.2,3.6,1011.9,18.5
3322200,3322799,249,3.1,3.9,1011.9,18.4
3322800,3323399,248,3.3,3.7,1011.9,18.5
3323400,3323999,250,3.5,4,1011.9,18.5
3324000,3324599,249,3,3.8,1011.5,18.5
3324600,3325199,248,3.4,4,1011.9,18.7
3325200,3325799,251,3.2,4.1,1011.9,18.9
3325800,3326399,254,3.1,4.2,1011.9,19.2
3326400,3326999,254,3.1,4,1012.2,19.4
3327000,3327599,256,3.3,4,1012.2,19.5
3327600,3328199,253,3,4.3,1012.2,19.5
3328200,3328799,256,3.1,4,1012.2,19.7
3328800,3329399,253,3.6,4.1,1012.2,20
3329400,3329999,261,2.9,4.1,1012.2,20.3
3330000,3330599,262,2.8,3.5,1012.2,20.6
3330600,3331199,267,2.3,3.5,1011.9,21
3331200,3331799,268,2.6,3.8,1011.9,21.4
3331800,3332399,273,2,3.5,1012.2,22
3332400,3332999,273,2.8,3.9,1012.2,22.2
3333000,3333599,278,2.3,3.1,1012.2,22.8
3333600,3334199,268,2.7,3.6,1012.5,23
3334200,3334799,257,2.7,3.3,1012.5,23.2
3334800,3335399,273,2.2,3.3,1012.5,23.5
3335400,3335999,267,2.4,3.2,1012.5,23.9
3336000,3336599,253,2.4,3.4,1012.9,24
3336600,3337199,246,2.6,3.2,1012.9,24.3
3337200,3337799,238,2.3,3.5,1012.9,24.7
3337800,3338399,265,2.3,3.4,1012.9,24.8
3338400,3338999,262,2,3.2,1012.9,25.1
3339000,3339599,241,3,3.9,1012.9,25.3
3339600,3340199,267,2.6,3.6,1012.9,25.8
3340200,3340799,243,1.8,3.1,1012.9,25.9
3340800,3341399,241,1.6,3.4,1012.9,26.2
3341400,3341999,266,2.8,3.6,1012.9,26.2
3342000,3342599,245,2.3,3.6,1012.9,26.1
3342600,3343199,224,2.2,4.3,1012.9,26.1
3343200,3343799,257,2.2,3.2,1012.9,26.4
3343800,3344399,265,2.9,3.7,1012.5,26.5
3344400,3344999,292,3.2,3.9,1012.2,26.4
3345000,3345599,288,2.5,3.9,1012.2,26.4
3345600,3346199,296,4.1,5.2,1011.9,26.1
3346200,3346799,288,4.1,6.6,1011.9,24.2
3346800,3347399,241,2.5,6,1012.5,23
3347400,3347999,165,2.2,3.4,1012.5,22.9
3348000,3348599,132,3.7,4.8,1012.5,22.5
3348600,3349199,141,2.9,4.9,1012.2,22.5
3349200,3349799,154,4.2,5.4,1012.2,20.8
3349800,3350399,142,3,4.3,1011.9,21.1
3350400,3350999,151,2.6,3.2,1011.9,21.7
3351000,3351599,167,2.4,3,1011.9,22.1
3351600,3352199,180,2.7,3.5,1012.2,22.1
3352200,3352799,202,3.1,3.8,1012.2,22.2
3352800,3353399,223,2.8,4.9,1012.2,22.4
3353400,3353999,239,2.9,4.8,1012.5,21.4
3354000,3354599,209,3.8,5.8,1012.2,21.2
3354600,3355199,216,2.8,4.8,1012.2,22
3355200,3355799,224,3,4.3,1012.2,23.9
3355800,3356399,208,2.5,3.5,1012.2,24.3
3356400,3356999,210,1.5,3.4,1012.2,25
3357000,3357599,353,1.3,2.8,1012.2,24.2
3357600,3358199,74,1.2,2.5,1012.2,24
3358200,3358799,95,0.7,1.7,1012.2,25.6
3358800,3359399,37,2.5,3.5,1011.9,23.7
3359400,3359999,86,1.3,2.4,1011.9,24.6
3360000,3360599,122,1.7,1.9,1011.5,25.9
3360600,3361199,135,1.7,1.9,1011.2,25.9
3361200,3361799,154,1.8,2,1011.2,25
3361800,3362399,155,2.2,2.6,1011.2,24.9
3362400,3362999,144,1.9,2.4,1011.2,25
3363000,3363599,157,1.5,2.2,1011.2,24.7
3363600,3364199,151,2.8,3.2,1010.8,24.4
3364200,3364799,153,2,2.5,1010.5,25
3364800,3365399,156,2.1,2.3,1010.5,24.6
3365400,3365999,164,1.6,2.3,1010.5,24.7
3366000,3366599,172,1.6,2.4,1010.5,25.7
3366600,3367199,136,1.5,2.1,1010.5,25.4
3367200,3367799,221,1.5,2.4,1010.5,26.6
3367800,3368399,216,2.5,3.5,1010.5,26.6
3368400,3368999,202,2.4,3.9,1010.5,26.6
3369000,3369599,198,2.8,3.5,1010.5,26.3
3369600,3370199,212,2.6,3.8,1010.5,26.1
3370200,3370799,218,2.2,3.5,1010.2,26.2
3370800,3371399,225,1.9,3.1,1010.5,26
3371400,3371999,204,1.5,3,1010.2,25.7
3372000,3372599,211,1.5,2.7,1010.5,25.4
3372600,3373199,218,1.1,2.8,1010.2,25.3
3373200,3373799,213,1.6,2.4,1010.2,25
3373800,3374399,228,1.8,2.6,1010.2,25
3374400,3374999,225,1.6,2.7,1010.5,24.7
3375000,3375599,224,1.4,2.4,1010.5,24.5
3375600,3376199,225,1.4,2.6,1010.5,24.3
3376200,3376799,213,1.3,1.9,1010.5,24
3376800,3377399,220,2,2.9,1010.5,23.9
3377400,3377999,231,2.2,3.1,1010.5,23.8
3378000,3378599,223,2.1,3.1,1010.5,23.6
3378600,3379199,234,2.1,3.6,1010.8,23.3
3379200,3379799,229,2.4,3.2,1010.8,23.2
3379800,3380399,239,2.2,3.2,1010.8,23.1
3380400,3380999,240,2.5,3.3,1010.8,23
3381000,3381599,235,2.4,3.5,1010.8,22.9
3381600,3382199,237,2.7,3.8,1010.8,22.9
3382200,3382799,237,2.6,3.2,1010.8,22.8
3382800,3383399,239,2.5,3.2,1010.8,22.5
3383400,3383999,244,2.4,3.4,1011.2,22.3
3384000,3384599,244,2.1,3,1010.8,22.1
3384600,3385199,242,2.5,3.3,1011.2,22
3385200,3385799,248,2.8,3.4,1011.2,21.8
3385800,3386399,242,3,3.6,1011.2,21.7
3386400,3386999,241,2.9,3.7,1011.2,21.6
3387000,3387599,242,3.1,4.1,1011.2,21.5
3387600,3388199,240,3,3.9,1011.2,21.4
3388200,3388799,242,2.9,3.8,1011.2,21.2
3388800,3389399,241,2.6,3.7,1011.2,21.1
3389400,3389999,241,2.9,3.9,1011.2,21
3390000,3390599,244,3,3.8,1011.2,21
3390600,3391199,243,3.1,4.1,1011.2,20.9
3391200,3391799,250,3,4,1011.2,20.8
3391800,3392399,247,2.8,3.9,1011.2,20.7
3392400,3392999,250,3.1,3.8,1011.2,20.7
3393000,3393599,242,3,3.7,1011.2,20.5
3393600,3394199,241,2.8,3.8,1011.2,20.4
3394200,3394799,247,2.9,3.4,1011.2,20.3
3394800,3395399,250,2.8,3.4,1011.2,20.3
3395400,3395999,249,3,3.6,1010.8,20.1
3396000,3396599,248,3,3.5,1010.8,20.1
3396600,3397199,251,3,3.5,1010.8,20
3397200,3397799,250,3.2,3.8,1010.8,19.9
3397800,3398399,250,3.3,4,1010.8,19.9
3398400,3398999,248,2.9,3.8,1010.5,19.9
3399000,3399599,247,3.3,3.9,1010.5,19.8
3399600,3400199,249,3,3.7,1010.5,19.7
3400200,3400799,252,3.1,3.8,1010.5,19.6
3400800,3401399,257,2.7,3.6,1010.5,19.6
3401400,3401999,254,2.6,3.3,1010.5,19.5
3402000,3402599,253,2.9,3.5,1010.5,19.5
3402600,3403199,252,2.9,3.4,1010.5,19.4
3403200,3403799,252,3,3.4,1010.5,19.2
3403800,3404399,249,3,3.4,1010.5,19.2
3404400,3404999,250,3,3.4,1010.2,19.1
3405000,3405599,247,3.1,3.7,1010.2,19
3405600,3406199,247,3.2,3.6,1010.2,18.9
3406200,3406799,248,3.2,3.9,1010.5,18.9
3406800,3407399,249,3.3,3.7,1010.5,18.9
3407400,3407999,247,2.9,3.7,1010.5,18.9
3408000,3408599,249,3,3.4,1010.8,18.8
3408600,3409199,251,2.8,3.4,1010.8,18.9
3409200,3409799,250,2.7,3.3,1010.5,18.9
3409800,3410399,247,3.2,3.5,1010.5,18.9
3410400,3410999,246,2.8,3.5,1010.5,18.9
3411000,3411599,249,2.9,3.3,1010.5,18.9
3411600,3412199,248,2.8,3.4,1010.5,18.9
3412200,3412799,251,2.7,3.3,1010.5,19
3412800,3413399,255,2.7,3.2,1010.5,19.3
3413400,3413999,256,2.8,3.3,1010.5,19.6
3414000,3414599,255,2.7,3.4,1010.5,19.7
3414600,3415199,255,2.5,3.3,1010.5,19.9
3415200,3415799,253,2.5,2.9,1010.5,20.3
3415800,3416399,253,2.8,3.2,1010.5,20.5
3416400,3416999,255,2.6,3.2,1010.5,20.8
3417000,3417599,253,2.6,3.1,1010.5,20.9
3417600,3418199,256,2.2,3,1010.2,21.2
3418200,3418799,249,1.9,2.6,1010.2,21.3
3418800,3419399,247,2.2,2.6,1009.8,21.3
3419400,3419999,248,1.8,2.4,1009.8,21.9
3420000,3420599,252,1.8,2.3,1010.2,22.7
3420600,3421199,246,1.7,1.9,1010.2,23.3
3421200,3421799,247,1.7,2,1010.5,23.7
3421800,3422399,226,1.9,2.4,1011.2,24.2
3422400,3422999,224,2.1,2.6,1011.2,24.2
3423000,3423599,236,1.4,2.2,1010.8,24.4
3423600,3424199,222,1.8,2.1,1011.2,24.4
3424200,3424799,237,1.3,1.9,1010.8,24.4
3424800,3425399,202,1,1.4,1010.8,24.7
3425400,3425999,206,1.8,2.4,1010.8,24.7
3426000,3426599,237,1.2,1.9,1010.5,24.7
3426600,3427199,246,1.2,1.9,1010.5,24.9
3427200,3427799,217,1,1.7,1010.5,25.4
3427800,3428399,249,1.1,1.7,1010.2,25.4
3428400,3428999,178,1.5,2.1,1010.2,25.7
3429000,3429599,212,1.2,2.3,1010.2,25.8
3429600,3430199,189,2.1,2.7,1010.2,25.7
3430200,3430799,197,1.8,2.7,1010.2,25.7
3430800,3431399,232,1.4,2.7,1010.2,25.7
3431400,3431999,204,1.3,2,1009.8,25.8
3432000,3432599,196,1.5,2.6,1009.8,26
3432600,3433199,160,2.2,2.6,1009.8,24.2
3433200,3433799,154,2.5,2.9,1009.5,24.7
3433800,3434399,185,1.5,2.8,1009.5,25.8
3434400,3434999,204,0.9,2.3,1009.1,25.8
3435000,3435599,190,1.7,2.4,1009.1,26.1
3435600,3436199,193,2.2,3,1008.8,26
3436200,3436799,209,1.9,2.8,1008.8,26
3436800,3437399,194,1.9,2.8,1008.8,26
3437400,3437999,194,2,3.4,1008.8,25.8
3438000,3438599,195,2.1,3.1,1008.8,25.9
3438600,3439199,197,2.6,4,1008.8,25.8
3439200,3439799,222,2.9,4.4,1009.1,25.8
3439800,3440399,235,2.3,3.9,1009.1,25.8
3440400,3440999,226,2,3.2,1008.8,26.1
3441000,3441599,242,2.7,3.7,1008.8,25.9
3441600,3442199,251,2.6,3.4,1008.8,25.8
3442200,3442799,231,1.9,3.5,1008.8,25.9
3442800,3443399,226,2.3,3,1008.5,25.9
3443400,3443999,208,2.6,3.3,1008.5,25.8
3444000,3444599,238,1.8,3.6,1008.5,25.9
3444600,3445199,222,2,2.9,1008.1,25.9
3445200,3445799,208,2,3.8,1008.1,25.8
3445800,3446399,208,2.2,3.2,1008.1,25.8
3446400,3446999,225,1.8,2.9,1007.8,25.7
3447000,3447599,222,1.8,2.4,1007.8,25.7
3447600,3448199,231,1.5,2.3,1007.8,25.8
3448200,3448799,213,1.8,2.3,1007.8,25.8
3448800,3449399,209,2,2.9,1007.8,25.8
3449400,3449999,207,1.7,2.8,1007.8,25.7
3450000,3450599,206,1.8,2.8,1007.8,25.5
3450600,3451199,195,2.3,3.8,1007.5,25.4
3451200,3451799,217,2.9,3.5,1007.5,25.3
3451800,3452399,194,2.1,3.3,1007.5,25.1
3452400,3452999,198,2,3.3,1007.5,24.8
3453000,3453599,198,2.5,4.1,1007.5,24.6
3453600,3454199,214,1.8,2.7,1007.5,24.7
3454200,3454799,203,1.7,2.8,1007.5,24.9
3454800,3455399,193,1.6,2.6,1007.5,24.8
3455400,3455999,206,1.9,2.9,1007.5,24.8
3456000,3456599,221,1.8,2.8,1007.5,24.5
3456600,3457199,219,2.3,3.1,1007.5,24.4
3457200,3457799,230,2.2,3,1007.5,24.4
3457800,3458399,230,1.7,2.6,1007.5,24.3
3458400,3458999,239,1.4,2.1,1007.5,24.2
3459000,3459599,237,1.6,2,1007.5,24.1
3459600,3460199,226,1.7,2.3,1007.5,24
3460200,3460799,228,1.2,2,1007.5,23.8
3460800,3461399,232,1.5,2.5,1007.5,23.6
3461400,3461999,224,1.5,2.1,1007.5,23.4
3462000,3462599,223,1.1,2.1,1007.5,23.2
3462600,3463199,219,0.8,1.6,1007.5,23.1
3463200,3463799,232,0.9,1.4,1007.5,22.9
3463800,3464399,229,1.4,1.9,1007.5,22.8
3464400,3464999,223,1.4,2.1,1007.5,22.6
3465000,3465599,223,1.2,2,1007.5,22.5
3465600,3466199,213,1.1,1.8,1007.5,22.1
3466200,3466799,214,1.6,2.1,1007.5,21.8
3466800,3467399,226,1.3,2.1,1007.5,21.7
3467400,3467999,228,1.3,2,1007.8,21.6
3468000,3468599,226,1.4,2.4,1007.5,21.5
3468600,3469199,226,1.5,2.3,1007.5,21.5
3469200,3469799,220,1.8,3,1007.5,21.5
3469800,3470399,235,1.9,2.9,1007.5,21.4
3470400,3470999,236,2.1,2.8,1007.5,21.4
3471000,3471599,250,1.9,2.6,1007.5,21.1
3471600,3472199,255,2.1,2.7,1007.5,20.9
3472200,3472799,252,1.6,2.5,1007.5,20.9
3472800,3473399,243,1.9,2.6,1007.5,20.9
3473400,3473999,246,2.1,2.6,1007.5,20.8
3474000,3474599,249,2,2.5,1007.1,20.7
3474600,3475199,243,1.9,2.5,1007.1,20.6
3475200,3475799,236,1.8,2.6,1007.1,20.6
3475800,3476399,244,2.4,2.8,1007.1,20.4
3476400,3476999,248,2.1,3,1007.1,20.4
3477000,3477599,246,2.1,2.6,1006.8,20.4
3477600,3478199,248,2.1,2.6,1006.8,20.4
3478200,3478799,248,2.1,2.7,1006.8,20.3
3478800,3479399,241,2.2,2.5,1006.8,20.1
3479400,3479999,238,2.4,2.8,1006.8,19.8
3480000,3480599,229,1.8,2.7,1006.4,19.6
3480600,3481199,234,2.3,2.7,1006.4,19.5
3481200,3481799,244,2.7,3.2,1006.4,19.3
3481800,3482399,236,2.1,3.2,1006.4,19.3
3482400,3482999,240,2.4,3.3,1006.4,19.3
3483000,3483599,244,2.3,3.2,1006.4,19.2
3483600,3484199,243,2.5,3.2,1006.4,19.2
3484200,3484799,240,2.5,3.4,1006.4,19.1
3484800,3485399,246,2.6,3.4,1006.4,19.1
3485400,3485999,246,2.7,3.5,1006.1,18.9
3486000,3486599,240,2.4,3.4,1006.1,19
3486600,3487199,239,2.7,3.4,1006.1,19
3487200,3487799,243,2.6,3.4,1006.1,19.1
3487800,3488399,247,2.5,3.4,1006.1,19.2
3488400,3488999,246,3,3.8,1006.1,19
3489000,3489599,246,3.1,3.8,1006.1,19
3489600,3490199,247,3,3.7,1006.1,19
3490200,3490799,247,2.7,3.5,1006.1,19
3490800,3491399,251,2.8,4,1006.1,19.1
3491400,3491999,257,2.8,4,1006.1,19.1
3492000,3492599,259,2.7,3.7,1006.1,19
3492600,3493199,252,3.4,4.6,1006.1,19
3493200,3493799,248,3,4,1006.4,18.9
3493800,3494399,249,2.6,3.8,1006.4,18.9
3494400,3494999,250,2.9,3.8,1006.8,18.9
3495000,3495599,254,3.1,4.2,1006.8,18.9
3495600,3496199,253,2.9,4.1,1006.8,18.9
3496200,3496799,258,2.7,3.7,1006.8,18.9
3496800,3497399,256,2.6,3.9,1006.4,18.9
3497400,3497999,257,3.3,4,1006.8,19.1
