Code vs/Code vs/Data/staqs-O3-PM25-MET_DRONE_20230817_R0.ict
39,  1001 
Newchurch,  Mike
The University of Alabama in Huntsville
0-120m AGL Drone Profiles
NASA Synergystic TEMPO Air Quality Science (STAQS)
1,  1 
2023,  08,  17,  2023,  12,  12 
1
Time_Start,  UTC,  seconds from start of day
7
1,  1,  1,  1,  1,  1,  1
-99999,  -99999,  -99999,  -99999,  -99999,  -99999,  -99999
Altitude,  m,  Platform_Altitude_GPS_metersmsl
O3,  ppbv,  Gas_Ozone_InSitu_ppbv
PM25,  ug/m^3,  Met_ParticulateMatter<2.5micron_InSitu_ug/m^3
VOC_experimental,  ohms,  Gas_VOC_InSitu_ohms
Temperature,  degreesC,  Met_Temperature_InSitu_degreesC
RH,  percent,  Met_RelativeHumidity_InSitu_percent
Pressure,  Pa,  Met_Pressure_InSitu_pa
0
18
PI_CONTACT_INFO: Address: Mike.Newchurch@uah.edu
PLATFORM: BlueHalo E900 UAV
LOCATION: 42.505 ,  -87.809 ,  180 m altitude AMSL
ASSOCIATED_DATA: N/A
INSTRUMENT_INFO: Ozone; 2B Model 205,  PM2.5; Plantower PMS5003; Temperature,  Pressure,  Humidity,  VOC; BME680
DATA_INFO: N/A
UNCERTAINTY: ~5%
ULOD_FLAG: -77777
ULOD_VALUE: N/A
LLOD_FLAG: -88888
LLOD_VALUE: N/A
DM_CONTACT_INFO: Darby Stevenson (The University of Alabama in Huntsville,  email: <dps001 @uah.edu>)
PROJECT_INFO: STAQS 2023; https://www-air.larc.nasa.gov/missions/staqs/index.html
STIPULATIONS_ON_USE:  Please consult PI prior to use/publication. Use of data should include an offer of co-authorship on any manuscript to PI and DM. 
OTHER_COMMENTS: N/A
REVISION: R0
R0: Final Data
Time_Start,  Altitude,  O3,  PM25,  VOC_experimental,  Temperature,  RH,  Pressure
[from data line 5219]
9173, 208.32, 42.56, 11.0, 196670.0, 23.88, 64.41, 98718.0
9174, 208.5, 42.9, 11.0, 197144.2, 23.89, 64.37, 98715.25
9175, 208.72, 42.79, 11.0, 197618.5, 23.91, 64.33, 98712.5
9176, 209.02, 42.68, 11.0, 198092.8, 23.93, 64.28999999999999, 98709.75
9177, 209.28, 42.57, 11.0, 198567.0, 23.94, 64.25, 98707.0
9178, 209.54, 42.46, 11.0, 197946.5, 23.95, 64.1975, 98704.75
9179, 209.73, 42.35, 11.0, 197326.0, 23.96, 64.14500000000001, 98702.5
9180, 210.03, 42.24, 11.0, 196705.5, 23.97, 64.0925, 98700.25
9181, 210.41, 42.13, 11.0, 196085.0, 23.98, 64.04, 98698.0
9182, 210.76, 42.02, 11.0, 196260.8, 23.98, 64.01, 98696.25
9183, 211.08, 41.91, 11.0, 196436.5, 23.98, 63.98, 98694.5
9184, 211.31, 41.8, 11.0, 196612.2, 23.97, 63.95, 98692.75
9185, 211.76, 42.14, 11.0, 196788.0, 23.97, 63.92, 98691.0
9186, 212.06, 42.48, 11.0, 196994.5, 23.96, 63.88999999999999, 98684.0
9187, 212.38, 42.82, 11.0, 197201.0, 23.95, 63.86, 98677.0
9188, 212.59, 43.16, 11.0, 197407.5, 23.94, 63.83, 98670.0
9189, 213.0, 43.5, 11.0, 197614.0, 23.93, 63.8, 98663.0
9190, 213.32, 43.84, 11.0, 197584.5, 23.93, 63.7875, 98659.75
9191, 213.79, 44.18, 11.0, 197555.0, 23.93, 63.775, 98656.5
9192, 214.06, 44.52, 11.0, 197525.5, 23.92, 63.7625, 98653.25
9193, 214.33, 44.86, 11.0, 197496.0, 23.92, 63.75, 98650.0
9194, 214.6, 45.2, 11.0, 197436.8, 23.91, 63.7375, 98647.25
9195, 214.99, 44.75, 11.0, 197377.5, 23.91, 63.725, 98644.5
9196, 215.24, 44.3, 11.0, 197318.2, 23.91, 63.712500000000006, 98641.75
9197, 215.45, 43.85, 11.0, 197259.0, 23.9, 63.7, 98639.0
9198, 215.87, 43.4, 11.0, 197200.0, 23.89, 63.6925, 98636.0
9199, 216.04, 42.95, 11.0, 197141.0, 23.88, 63.685, 98633.0
9200, 216.29, 42.5, 11.0, 197082.0, 23.88, 63.6775, 98630.0
9201, 216.63, 42.05, 11.0, 197023.0, 23.87, 63.67, 98627.0
9202, 217.0, 41.6, 10.75, 197439.0, 23.86, 63.675, 98623.0
9203, 217.41, 41.15, 10.5, 197855.0, 23.85, 63.67999999999999, 98619.0
9204, 217.63, 40.7, 10.25, 198271.0, 23.84, 63.685, 98615.0
9205, 217.94, 40.24, 10.0, 198687.0, 23.83, 63.69, 98611.0
9206, 218.24, 39.78, 10.125, 198627.2, 23.83, 63.69, 98604.75
9207, 218.52, 39.32, 10.25, 198567.5, 23.83, 63.69, 98598.5
9208, 218.83, 38.86, 10.375, 198507.8, 23.83, 63.69, 98592.25
9209, 219.32, 38.4, 10.5, 198448.0, 23.83, 63.69, 98586.0
9210, 219.6, 37.94, 10.5, 198328.8, 23.83, 63.6925, 98581.25
9211, 219.86, 37.48, 10.5, 198209.5, 23.84, 63.695, 98576.5
9212, 220.23, 37.02, 10.5, 198090.2, 23.84, 63.697500000000005, 98571.75
9213, 220.59, 36.56, 10.5, 197971.0, 23.84, 63.7, 98567.0
9214, 221.03, 36.1, 10.625, 198240.0, 23.84, 63.6875, 98566.25
9215, 221.2, 36.56, 10.75, 198509.0, 23.84, 63.675, 98565.5
9216, 221.35, 37.02, 10.875, 198778.0, 23.84, 63.6625, 98564.75
9217, 221.66, 37.48, 11.0, 199047.0, 23.84, 63.65, 98564.0
9218, 221.88, 37.94, 10.875, 199107.2, 23.84, 63.645, 98561.75
9219, 222.14, 38.4, 10.75, 199167.5, 23.84, 63.64, 98559.5
9220, 222.27, 38.86, 10.625, 199227.8, 23.85, 63.635000000000005, 98557.25
9221, 222.61, 39.32, 10.5, 199288.0, 23.85, 63.63, 98555.0
9222, 222.74, 39.78, 10.375, 199318.2, 23.84, 63.620000000000005, 98555.25
9223, 223.0, 40.24, 10.25, 199348.5, 23.84, 63.61, 98555.5
9224, 223.19, 40.7, 10.125, 199378.8, 23.84, 63.6, 98555.75
9225, 223.43, 40.58, 10.0, 199409.0, 23.83, 63.59, 98556.0
9226, 223.65, 40.46, 10.375, 199258.5, 23.82, 63.59, 98552.75
9227, 223.88, 40.34, 10.75, 199108.0, 23.8, 63.59, 98549.5
9228, 224.2, 40.22, 11.125, 198957.5, 23.79, 63.59, 98546.25
9229, 224.38, 40.1, 11.5, 198807.0, 23.78, 63.59, 98543.0
9230, 224.68, 39.98, 11.75, 199018.0, 23.77, 63.605, 98537.75
9231, 224.97, 39.86, 12.0, 199229.0, 23.76, 63.620000000000005, 98532.5
9232, 225.31, 39.74, 12.25, 199440.0, 23.75, 63.635, 98527.25
9233, 225.59, 39.62, 12.5, 199651.0, 23.74, 63.65, 98522.0
9234, 225.99, 39.5, 12.375, 199772.2, 23.74, 63.6625, 98518.75
9235, 226.33, 40.3, 12.25, 199893.5, 23.74, 63.675, 98515.5
9236, 226.74, 41.1, 12.125, 200014.8, 23.74, 63.6875, 98512.25
9237, 227.27, 41.9, 12.0, 200136.0, 23.74, 63.7, 98509.0
9238, 227.48, 42.7, 11.875, 200075.2, 23.75, 63.7075, 98504.25
9239, 227.8, 43.5, 11.75, 200014.5, 23.77, 63.715, 98499.5
9240, 228.18, 44.3, 11.625, 199953.8, 23.79, 63.7225, 98494.75
9241, 228.31, 45.1, 11.5, 199893.0, 23.8, 63.73, 98490.0
9242, 228.53, 45.9, 11.5, 200321.2, 23.82, 63.715, 98486.0
9243, 228.76, 46.7, 11.5, 200749.5, 23.84, 63.7, 98482.0
9244, 228.85, 47.5, 11.5, 201177.8, 23.87, 63.685, 98478.0
9245, 229.07, 46.82, 11.5, 201606.0, 23.89, 63.67, 98474.0
9246, 229.22, 46.14, 11.625, 201575.2, 23.91, 63.625, 98473.5
9247, 229.59, 45.46, 11.75, 201544.5, 23.93, 63.58, 98473.0
9248, 229.72, 44.78, 11.875, 201513.8, 23.95, 63.535, 98472.5
9249, 230.09, 44.1, 12.0, 201483.0, 23.97, 63.49, 98472.0
9250, 230.34, 43.42, 12.0, 201421.5, 23.97, 63.45, 98465.5
9251, 230.59, 42.74, 12.0, 201360.0, 23.98, 63.41, 98459.0
9252, 230.71, 42.06, 12.0, 201298.5, 23.98, 63.370000000000005, 98452.5
9253, 231.2, 41.38, 12.0, 201237.0, 23.98, 63.330000000000005, 98446.0
9254, 231.47, 40.7, 12.0, 201954.0, 23.98, 63.3025, 98440.75
9255, 231.73, 40.36, 12.0, 202671.0, 23.97, 63.275000000000006, 98435.5
9256, 232.24, 40.02, 12.0, 203388.0, 23.96, 63.2475, 98430.25
9257, 232.49, 39.68, 12.0, 204105.0, 23.96, 63.22, 98425.0
9258, 232.87, 39.34, 11.875, 203388.0, 23.96, 63.2125, 98422.5
9259, 233.28, 39.0, 11.75, 202671.0, 23.95, 63.205, 98420.0
9260, 233.51, 38.66, 11.625, 201954.0, 23.95, 63.1975, 98417.5
9261, 233.86, 38.32, 11.5, 201237.0, 23.95, 63.19, 98415.0
9262, 234.42, 37.98, 11.375, 201391.0, 23.95, 63.19, 98411.25
9263, 234.9, 37.64, 11.25, 201545.0, 23.94, 63.19, 98407.5
9264, 235.18, 37.3, 11.125, 201699.0, 23.93, 63.19, 98403.75
9265, 235.41, 37.3, 11.0, 201853.0, 23.93, 63.19, 98400.0
9266, 235.76, 37.3, 11.125, 201977.0, 23.93, 63.185, 98398.75
9267, 236.14, 37.3, 11.25, 202101.0, 23.93, 63.18, 98397.5
9268, 236.44, 37.3, 11.375, 202225.0, 23.93, 63.175, 98396.25
9269, 236.8, 37.3, 11.5, 202349.0, 23.93, 63.17, 98395.0
9270, 237.21, 37.3, 11.625, 201343.8, 23.94, 63.1575, 98391.25
9271, 237.45, 37.3, 11.75, 200338.5, 23.95, 63.145, 98387.5
9272, 237.92, 37.3, 11.875, 199333.2, 23.95, 63.1325, 98383.75
9273, 238.33, 37.3, 12.0, 198328.0, 23.96, 63.12, 98380.0
9274, 238.68, 37.3, 12.0, 201336.8, 23.97, 63.1025, 98375.0
9275, 239.03, 37.3, 12.0, 204345.5, 23.98, 63.085, 98370.0
9276, 239.26, 37.3, 12.0, 207354.2, 23.98, 63.0675, 98365.0
9277, 239.62, 37.3, 12.0, 210363.0, 23.99, 63.05, 98360.0
9278, 239.85, 37.3, 11.875, 208578.0, 24.0, 63.0275, 98358.5
9279, 240.01, 37.3, 11.75, 206793.0, 24.02, 63.005, 98357.0
9280, 240.18, 37.3, 11.625, 205008.0, 24.03, 62.9825, 98355.5
9281, 240.38, 37.3, 11.5, 203223.0, 24.04, 62.96, 98354.0
9282, 240.91, 37.3, 11.625, 203254.5, 24.04, 62.9375, 98351.75
9283, 241.21, 37.3, 11.75, 203286.0, 24.04, 62.915, 98349.5
9284, 241.63, 37.3, 11.875, 203317.5, 24.04, 62.8925, 98347.25
9285, 241.9, 37.18, 12.0, 203349.0, 24.04, 62.87, 98345.0
9286, 242.1, 37.06, 12.25, 203443.2, 24.04, 62.8575, 98341.0
9287, 242.5, 36.94, 12.5, 203537.5, 24.04, 62.845, 98337.0
9288, 242.97, 36.82, 12.75, 203631.8, 24.04, 62.8325, 98333.0
9289, 243.34, 36.7, 13.0, 203726.0, 24.04, 62.82, 98329.0
9290, 243.58, 36.58, 12.875, 204075.0, 24.04, 62.805, 98320.0
9291, 244.03, 36.46, 12.75, 204424.0, 24.04, 62.79, 98311.0
9292, 244.22, 36.34, 12.625, 204773.0, 24.04, 62.775, 98302.0
9293, 244.43, 36.22, 12.5, 205122.0, 24.04, 62.76, 98293.0
9294, 244.65, 36.1, 12.625, 207634.8, 24.04, 62.7475, 98291.75
9295, 244.84, 35.99, 12.75, 210147.5, 24.04, 62.735, 98290.5
9296, 245.3, 35.88, 12.875, 212660.2, 24.03, 62.7225, 98289.25
9297, 245.52, 35.77, 13.0, 215173.0, 24.03, 62.71, 98288.0
9298, 245.74, 35.66, 13.0, 212692.2, 24.03, 62.7, 98286.0
9299, 246.07, 35.55, 13.0, 210211.5, 24.03, 62.69, 98284.0
9300, 246.56, 35.44, 13.0, 207730.8, 24.03, 62.68, 98282.0
9301, 246.92, 35.33, 13.0, 205250.0, 24.03, 62.67, 98280.0
9302, 247.09, 35.22, 13.25, 204963.8, 24.02, 62.67, 98283.75
9303, 247.29, 35.11, 13.5, 204677.5, 24.01, 62.67, 98287.5
9304, 247.58, 35.0, 13.75, 204391.2, 24.0, 62.67, 98291.25
9305, 247.67, 36.7, 14.0, 204105.0, 23.99, 62.67, 98295.0
9306, 247.86, 38.4, 14.125, 204327.2, 24.0, 62.6675, 98296.0
9307, 248.32, 40.1, 14.25, 204549.5, 24.01, 62.665, 98297.0
9308, 248.45, 41.8, 14.375, 204771.8, 24.02, 62.6625, 98298.0
9309, 248.76, 43.5, 14.5, 204994.0, 24.03, 62.66, 98299.0
9310, 249.12, 45.2, 14.25, 205347.2, 24.05, 62.64, 98297.5
9311, 249.48, 46.9, 14.0, 205700.5, 24.06, 62.62, 98296.0
9312, 249.69, 48.6, 13.75, 206053.8, 24.07, 62.6, 98294.5
9313, 250.0, 50.3, 13.5, 206407.0, 24.09, 62.58, 98293.0
9314, 250.2, 52.0, 13.5, 208739.5, 24.09, 62.555, 98287.25
9315, 250.56, 51.09, 13.5, 211072.0, 24.09, 62.53, 98281.5
9316, 250.81, 50.18, 13.5, 213404.5, 24.09, 62.505, 98275.75
9317, 251.2, 49.27, 13.5, 215737.0, 24.09, 62.48, 98270.0
9318, 251.4, 48.36, 13.625, 213243.5, 24.09, 62.465, 98265.75
9319, 251.6, 47.45, 13.75, 210750.0, 24.08, 62.45, 98261.5
9320, 251.88, 46.54, 13.875, 208256.5, 24.07, 62.435, 98257.25
9321, 252.2, 45.63, 14.0, 205763.0, 24.07, 62.42, 98253.0
9322, 252.33, 44.72, 13.875, 205602.8, 24.05, 62.4275, 98244.75
9323, 252.7, 43.81, 13.75, 205442.5, 24.03, 62.435, 98236.5
9324, 252.92, 42.9, 13.625, 205282.2, 24.01, 62.44250000000001, 98228.25
9325, 253.17, 43.47, 13.5, 205122.0, 23.99, 62.45000000000001, 98220.0
9326, 253.42, 44.04, 13.25, 205250.0, 23.98, 62.465, 98211.5
9327, 253.56, 44.61, 13.0, 205378.0, 23.97, 62.48, 98203.0
9328, 253.82, 45.18, 12.75, 205506.0, 23.96, 62.495000000000005, 98194.5
9329, 254.26, 45.75, 12.5, 205634.0, 23.95, 62.51, 98186.0
9330, 254.59, 46.32, 12.375, 205188.5, 23.94, 62.5275, 98188.0
9331, 254.93, 46.89, 12.25, 204743.0, 23.94, 62.545, 98190.0
9332, 255.33, 47.46, 12.125, 204297.5, 23.93, 62.5625, 98192.0
9333, 255.58, 48.03, 12.0, 203852.0, 23.92, 62.58, 98194.0
9334, 256.02, 48.6, 11.875, 204783.5, 23.92, 62.59, 98192.0
9335, 256.18, 47.35, 11.75, 205715.0, 23.92, 62.6, 98190.0
9336, 256.44, 46.1, 11.625, 206646.5, 23.92, 62.61, 98188.0
9337, 256.65, 44.85, 11.5, 207578.0, 23.92, 62.62, 98186.0
9338, 257.02, 43.6, 11.5, 207545.5, 23.92, 62.62, 98185.25
9339, 257.25, 42.35, 11.5, 207513.0, 23.92, 62.62, 98184.5
9340, 257.74, 41.1, 11.5, 207480.5, 23.92, 62.62, 98183.75
9341, 258.06, 39.85, 11.5, 207448.0, 23.92, 62.62, 98183.0
9342, 258.38, 38.6, 11.375, 207415.2, 23.93, 62.6225, 98177.75
9343, 258.63, 37.35, 11.25, 207382.5, 23.93, 62.625, 98172.5
9344, 259.02, 36.1, 11.125, 207349.8, 23.94, 62.6275, 98167.25
9345, 259.3, 36.1, 11.0, 207317.0, 23.94, 62.63, 98162.0
9346, 259.66, 36.1, 11.0, 207284.5, 23.95, 62.6225, 98159.25
9347, 259.89, 36.1, 11.0, 207252.0, 23.95, 62.615, 98156.5
9348, 260.24, 36.1, 11.0, 207219.5, 23.95, 62.6075, 98153.75
9349, 260.6, 36.1, 11.0, 207187.0, 23.96, 62.6, 98151.0
9350, 260.96, 36.1, 11.0, 207514.8, 23.97, 62.59, 98148.25
9351, 261.37, 36.1, 11.0, 207842.5, 23.97, 62.58, 98145.5
9352, 261.63, 36.1, 11.0, 208170.2, 23.98, 62.57, 98142.75
9353, 262.24, 36.1, 11.0, 208498.0, 23.99, 62.56, 98140.0
9354, 262.42, 36.1, 10.875, 208170.2, 23.99, 62.5525, 98139.0
9355, 263.03, 37.12, 10.75, 207842.5, 24.0, 62.545, 98138.0
9356, 263.51, 38.14, 10.625, 207514.8, 24.01, 62.5375, 98137.0
9357, 263.74, 39.16, 10.5, 207187.0, 24.01, 62.53, 98136.0
9358, 263.99, 40.18, 10.5, 207416.0, 24.02, 62.510000000000005, 98132.0
9359, 264.25, 41.2, 10.5, 207645.0, 24.02, 62.49, 98128.0
9360, 264.79, 42.22, 10.5, 207874.0, 24.03, 62.47, 98124.0
9361, 264.94, 43.24, 10.5, 208103.0, 24.03, 62.45, 98120.0
9362, 265.09, 44.26, 10.375, 208037.2, 24.03, 62.432500000000005, 98118.5
9363, 265.38, 45.28, 10.25, 207971.5, 24.03, 62.415000000000006, 98117.0
9364, 265.75, 46.3, 10.125, 207905.8, 24.03, 62.3975, 98115.5
9365, 266.07, 45.74, 10.0, 207840.0, 24.03, 62.38, 98114.0
9366, 266.39, 45.18, 10.25, 207905.8, 24.03, 62.3575, 98110.0
9367, 266.63, 44.62, 10.5, 207971.5, 24.04, 62.335, 98106.0
9368, 267.22, 44.06, 10.75, 208037.2, 24.04, 62.3125, 98102.0
9369, 267.5, 43.5, 11.0, 208103.0, 24.04, 62.29, 98098.0
9370, 268.02, 42.94, 10.875, 208201.8, 24.04, 62.2875, 98090.0
9371, 268.15, 42.38, 10.75, 208300.5, 24.03, 62.285, 98082.0
9372, 268.42, 41.82, 10.625, 208399.2, 24.02, 62.2825, 98074.0
9373, 268.69, 41.26, 10.5, 208498.0, 24.02, 62.28, 98066.0
9374, 269.03, 40.7, 10.75, 208796.8, 24.02, 62.28, 98063.75
9375, 269.28, 40.92, 11.0, 209095.5, 24.01, 62.28, 98061.5
9376, 269.52, 41.14, 11.25, 209394.2, 24.0, 62.28, 98059.25
9377, 269.67, 41.36, 11.5, 209693.0, 24.0, 62.28, 98057.0
9378, 269.89, 41.58, 11.75, 209394.2, 23.99, 62.28, 98055.75
9379, 270.12, 41.8, 12.0, 209095.5, 23.98, 62.28, 98054.5
9380, 270.41, 42.02, 12.25, 208796.8, 23.98, 62.28, 98053.25
9381, 270.81, 42.24, 12.5, 208498.0, 23.97, 62.28, 98052.0
9382, 271.38, 42.46, 12.375, 208432.2, 23.95, 62.2925, 98049.75
9383, 271.69, 42.68, 12.25, 208366.5, 23.94, 62.305, 98047.5
9384, 272.01, 42.9, 12.125, 208300.8, 23.93, 62.3175, 98045.25
9385, 272.27, 42.68, 12.0, 208235.0, 23.91, 62.33, 98043.0
9386, 272.52, 42.46, 12.0, 208367.0, 23.89, 62.3575, 98033.75
9387, 272.74, 42.24, 12.0, 208499.0, 23.88, 62.385, 98024.5
9388, 273.06, 42.02, 12.0, 208631.0, 23.86, 62.4125, 98015.25
9389, 273.28, 41.8, 12.0, 208763.0, 23.84, 62.44, 98006.0
9390, 273.5, 41.58, 12.0, 208631.0, 23.83, 62.4625, 98005.75
9391, 273.8, 41.36, 12.0, 208499.0, 23.82, 62.485, 98005.5
9392, 274.14, 41.14, 12.0, 208367.0, 23.8, 62.5075, 98005.25
9393, 274.33, 40.92, 12.0, 208235.0, 23.79, 62.53, 98005.0
9394, 274.67, 40.7, 12.0, 208333.8, 23.79, 62.555, 97994.5
9395, 274.95, 40.92, 12.0, 208432.5, 23.79, 62.58, 97984.0
9396, 275.31, 41.14, 12.0, 208531.2, 23.78, 62.605, 97973.5
9397, 275.47, 41.36, 12.0, 208630.0, 23.78, 62.63, 97963.0
9398, 275.51, 41.58, 11.875, 208929.2, 23.78, 62.645, 97961.25
9399, 275.75, 41.8, 11.75, 209228.5, 23.79, 62.66, 97959.5
9400, 275.99, 42.02, 11.625, 209527.8, 23.79, 62.675, 97957.75
9401, 276.17, 42.24, 11.5, 209827.0, 23.79, 62.69, 97956.0
9402, 276.4, 42.46, 11.375, 209561.0, 23.79, 62.7025, 97951.25
9403, 276.71, 42.68, 11.25, 209295.0, 23.79, 62.715, 97946.5
9404, 277.11, 42.9, 11.125, 209029.0, 23.78, 62.7275, 97941.75
9405, 277.38, 42.9, 11.0, 208763.0, 23.78, 62.74, 97937.0
9406, 277.8, 42.9, 11.125, 208631.0, 23.78, 62.745000000000005, 97943.5
9407, 278.04, 42.9, 11.25, 208499.0, 23.78, 62.75, 97950.0
9408, 278.22, 42.9, 11.375, 208367.0, 23.78, 62.755, 97956.5
9409, 278.34, 42.9, 11.5, 208235.0, 23.78, 62.76, 97963.0
9410, 278.6, 42.9, 11.625, 208699.8, 23.78, 62.7525, 97963.25
9411, 278.89, 42.9, 11.75, 209164.5, 23.77, 62.745, 97963.5
9412, 279.02, 42.9, 11.875, 209629.2, 23.77, 62.7375, 97963.75
9413, 279.27, 42.9, 12.0, 210094.0, 23.77, 62.73, 97964.0
9414, 279.6, 42.9, 11.5, 210161.2, 23.77, 62.74, 97961.75
9415, 279.81, 42.45, 11.0, 210228.5, 23.77, 62.75, 97959.5
9416, 280.12, 42.0, 10.5, 210295.8, 23.76, 62.760000000000005, 97957.25
9417, 280.27, 41.55, 10.0, 210363.0, 23.76, 62.77, 97955.0
9418, 280.59, 41.1, 10.25, 211671.2, 23.78, 62.767500000000005, 97955.25
9419, 280.94, 40.65, 10.5, 212979.5, 23.79, 62.765, 97955.5
9420, 281.34, 40.2, 10.75, 214287.8, 23.8, 62.7625, 97955.75
9421, 281.63, 39.75, 11.0, 215596.0, 23.82, 62.760000000000005, 97956.0
9422, 281.94, 39.3, 10.75, 214321.2, 23.82, 62.75750000000001, 97947.25
9423, 282.17, 38.85, 10.5, 213046.5, 23.82, 62.755, 97938.5
9424, 282.37, 38.4, 10.25, 211771.8, 23.83, 62.7525, 97929.75
9425, 282.69, 38.29, 10.0, 210497.0, 23.83, 62.75, 97921.0
9426, 283.06, 38.18, 10.0625, 210129.8, 23.84, 62.7325, 97915.75
9427, 283.42, 38.07, 10.125, 209762.5, 23.84, 62.715, 97910.5
9428, 284.05, 37.96, 10.1875, 209395.2, 23.85, 62.6975, 97905.25
9429, 284.4, 37.85, 10.25, 209028.0, 23.86, 62.68, 97900.0
9430, 284.68, 37.74, 10.3125, 209328.0, 23.86, 62.6725, 97889.5
9431, 284.92, 37.63, 10.375, 209628.0, 23.86, 62.665, 97879.0
9432, 285.47, 37.52, 10.4375, 209928.0, 23.85, 62.6575, 97868.5
